50
   1.0000000000000000e+00   1.0000000000000000e+00   1.0000000000000000e+00
   3.5000000000000000e+00  -5.0000000000000000e-01   1.5000000000000000e+00   1.5000000000000000e+00  -5.0000000000000000e-01   3.5000000000000000e+00
   8.5000000000000000e+00  -2.5000000000000000e+00   2.2500000000000000e+00   1.5000000000000000e+00   2.2500000000000000e+00  -2.5000000000000000e+00   8.5000000000000000e+00
   1.7604166666666668e+01  -7.6875000000000000e+00   6.2500000000000000e-02   2.0833333333333332e-02   3.3125000000000000e+00   1.6875000000000000e+00   1.6875000000000000e+00   3.3125000000000000e+00   2.0833333333333332e-02   6.2500000000000000e-02  -7.6875000000000000e+00   1.7604166666666668e+01
   3.3312500000000000e+01  -1.9166666666666668e+01   8.1250000000000000e-01   4.1666666666666664e-02   4.8125000000000000e+00   1.7500000000000000e+00   1.8750000000000000e+00   1.7500000000000000e+00   4.8125000000000000e+00   4.1666666666666664e-02   8.1250000000000000e-01  -1.9166666666666668e+01   3.3312500000000000e+01
   5.9465364583333333e+01  -4.2350260416666664e+01   3.8203125000000000e+00  -1.3020833333333334e-02   1.4322916666666666e-02   6.3281249999999997e-02   6.9257812500000000e+00   1.5351562500000000e+00   2.0390625000000000e+00   2.0390625000000000e+00   1.5351562500000000e+00   6.9257812500000000e+00   6.3281249999999997e-02   1.4322916666666666e-02  -1.3020833333333334e-02   3.8203125000000000e+00  -4.2350260416666664e+01   5.9465364583333333e+01
   1.0190138888888889e+02  -8.6418750000000003e+01   1.2520833333333334e+01  -1.2152777777777778e-01   2.9166666666666667e-02   8.8888888888888892e-02   9.8968749999999996e+00   8.0625000000000002e-01   2.2031250000000000e+00   2.1875000000000000e+00   2.2031250000000000e+00   8.0625000000000002e-01   9.8968749999999996e+00   8.8888888888888892e-02   2.9166666666666667e-02  -1.2152777777777778e-01   1.2520833333333334e+01  -8.6418750000000003e+01   1.0190138888888889e+02
   1.6942345145089286e+02  -1.6661648220486111e+02   3.3890787760416664e+01  -8.6083984375000000e-01  -7.7582465277777780e-03   1.0188802083333334e-02   3.9550781250000000e-02   1.2110150049603174e-01   1.4065462239583333e+01  -8.1168619791666663e-01   2.4172851562500002e+00   2.3289388020833335e+00   2.3289388020833335e+00   2.4172851562500002e+00  -8.1168619791666663e-01   1.4065462239583333e+01   1.2110150049603174e-01   3.9550781250000000e-02   1.0188802083333334e-02  -7.7582465277777780e-03  -8.6083984375000000e-01   3.3890787760416664e+01  -1.6661648220486111e+02   1.6942345145089286e+02
   2.7521050347222223e+02  -3.0782817460317460e+02   8.1349218750000006e+01  -3.9527777777777779e+00  -8.6805555555555559e-03   2.2743055555555555e-02   4.4444444444444446e-02   1.6272321428571429e-01   1.9903013392857144e+01  -3.9053571428571430e+00   2.8093750000000002e+00   2.4624999999999999e+00   2.4609375000000000e+00   2.4624999999999999e+00   2.8093750000000002e+00  -3.9053571428571430e+00   1.9903013392857144e+01   1.6272321428571429e-01   4.4444444444444446e-02   2.2743055555555555e-02  -8.6805555555555559e-03  -3.9527777777777779e+00   8.1349218750000006e+01  -3.0782817460317460e+02   2.7521050347222223e+02
   4.3887348632274274e+02  -5.5010469491141180e+02   1.7969544406467014e+02  -1.3840795446325231e+01   8.2562255859375003e-02  -6.1692979600694448e-03   7.5841833043981477e-03   3.3759416852678574e-02   4.1628640795510916e-02   2.1719477147231867e-01   2.8063401140485492e+01  -9.3806243896484371e+00   3.6474173409598216e+00   2.5824829101562501e+00   2.5873229980468748e+00   2.5873229980468748e+00   2.5824829101562501e+00   3.6474173409598216e+00  -9.3806243896484371e+00   2.8063401140485492e+01   2.1719477147231867e-01   4.1628640795510916e-02   3.3759416852678574e-02   7.5841833043981477e-03  -6.1692979600694448e-03   8.2562255859375003e-02  -1.3840795446325231e+01   1.7969544406467014e+02  -5.5010469491141180e+02   4.3887348632274274e+02
   6.8943969866071427e+02  -9.5714070422729276e+02   3.7337504960317460e+02  -4.0741350446428569e+01   7.0339988425925926e-01  -1.3611111111111110e-02   1.7786871693121695e-02   4.3650793650793648e-02   2.7120535714285715e-02   2.8895943562610227e-01   3.9452758143187829e+01  -1.8620289765211641e+01   5.4449497767857142e+00   2.6606894841269839e+00   2.7083767361111111e+00   2.7070312500000000e+00   2.7083767361111111e+00   2.6606894841269839e+00   5.4449497767857142e+00  -1.8620289765211641e+01   3.9452758143187829e+01   2.8895943562610227e-01   2.7120535714285715e-02   4.3650793650793648e-02   1.7786871693121695e-02  -1.3611111111111110e-02   7.0339988425925926e-01  -4.0741350446428569e+01   3.7337504960317460e+02  -9.5714070422729276e+02   6.8943969866071427e+02
   1.0696725544226351e+03  -1.6292002936322517e+03   7.4011936520167762e+02  -1.0644385196544506e+02   3.4192529304948431e+00  -2.7522125244140626e-02  -4.9673518428096069e-03   5.8915435952484295e-03   2.7257374354771206e-02   5.3875450524493287e-02  -5.4298692868079666e-03   3.8386802078841570e-01   5.5325853568183049e+01  -3.3715195541381838e+01   9.1335430992974178e+00   2.6084677378336587e+00   2.8249900817871092e+00   2.8223410542805989e+00   2.8223410542805989e+00   2.8249900817871092e+00   2.6084677378336587e+00   9.1335430992974178e+00  -3.3715195541381838e+01   5.5325853568183049e+01   3.8386802078841570e-01  -5.4298692868079666e-03   5.3875450524493287e-02   2.7257374354771206e-02   5.8915435952484295e-03  -4.9673518428096069e-03  -2.7522125244140626e-02   3.4192529304948431e+00  -1.0644385196544506e+02   7.4011936520167762e+02  -1.6292002936322517e+03   1.0696725544226351e+03
   1.6423080419026785e+03  -2.7227149401379870e+03   1.4131763491891259e+03  -2.5498609090241035e+02   1.2780824497767858e+01  -1.1391658399470900e-01  -1.1227454668209876e-02   1.4269696593915344e-02   3.5552616108171661e-02   6.7123325892857147e-02  -6.5672599005932336e-02   5.0968644989912348e-01   7.7418998706371752e+01  -5.7801470339556275e+01   1.6340335751488094e+01   2.2009207589285715e+00   2.9414132254464285e+00   2.9334933035714288e+00   2.9326171875000000e+00   2.9334933035714288e+00   2.9414132254464285e+00   2.2009207589285715e+00   1.6340335751488094e+01  -5.7801470339556275e+01   7.7418998706371752e+01   5.0968644989912348e-01  -6.5672599005932336e-02   6.7123325892857147e-02   3.5552616108171661e-02   1.4269696593915344e-02  -1.1227454668209876e-02  -1.1391658399470900e-01   1.2780824497767858e+01  -2.5498609090241035e+02   1.4131763491891259e+03  -2.7227149401379870e+03   1.6423080419026785e+03
   2.4990369076334632e+03  -4.4798494978454200e+03   2.6171604006267899e+03  -5.7180859230995179e+02   4.0427591214454715e+01  -6.1309564996648713e-01  -1.6310808999197825e-02  -4.0929340517289635e-03   4.7346311649948203e-03   2.2452848298209056e-02   4.2511234558168264e-02   8.8173672850552096e-02  -1.6794225909493185e-01   6.7675994590498267e-01   1.0813325048320125e+02  -9.5550954850523141e+01   2.9828531830899127e+01   9.3341902403183930e-01   3.0756571105758561e+00   3.0407588257108418e+00   3.0393375761042196e+00   3.0393375761042196e+00   3.0407588257108418e+00   3.0756571105758561e+00   9.3341902403183930e-01   2.9828531830899127e+01  -9.5550954850523141e+01   1.0813325048320125e+02   6.7675994590498267e-01  -1.6794225909493185e-01   8.8173672850552096e-02   4.2511234558168264e-02   2.2452848298209056e-02   4.7346311649948203e-03  -4.0929340517289635e-03  -1.6310808999197825e-02  -6.1309564996648713e-01   4.0427591214454715e+01  -5.7180859230995179e+02   2.6171604006267899e+03  -4.4798494978454200e+03   2.4990369076334632e+03
   3.7734130548187782e+03  -7.2729041147830076e+03   4.7253268089234980e+03  -1.2174109088636135e+03   1.1364020786256246e+02  -2.8222328404017856e+00  -1.3525218391754849e-02  -9.5563234697814310e-03   1.1721855939520871e-02   2.9965461493239271e-02   4.7615031452922077e-02   1.2532520976965422e-01  -3.3325652493404229e-01   8.9889539032396171e-01   1.5078684582263440e+02  -1.5388210445316403e+02   5.4188878443334012e+01  -2.2396417157061688e+00   3.2881651088169641e+00   3.1441078404017859e+00   3.1427040318080359e+00   3.1420898437500000e+00   3.1427040318080359e+00   3.1441078404017859e+00   3.2881651088169641e+00  -2.2396417157061688e+00   5.4188878443334012e+01  -1.5388210445316403e+02   1.5078684582263440e+02   8.9889539032396171e-01  -3.3325652493404229e-01   1.2532520976965422e-01   4.7615031452922077e-02   2.9965461493239271e-02   1.1721855939520871e-02  -9.5563234697814310e-03  -1.3525218391754849e-02  -2.8222328404017856e+00   1.1364020786256246e+02  -1.2174109088636135e+03   4.7253268089234980e+03  -7.2729041147830076e+03   3.7734130548187782e+03
   5.6593667191809491e+03  -1.1670721326916038e+04   8.3503215027223978e+03  -2.4854608525285744e+03   2.9240192527141664e+02  -1.0840469028532260e+01   4.6774400199204827e-02  -1.4666907191276550e-02  -3.4408991171329139e-03   3.9075560377505210e-03   1.8796816400119237e-02   3.6767070756508508e-02   4.9362019568417848e-02   1.9262608014322541e-01  -5.9216495266685987e-01   1.1945401142522099e+00   2.0996289389476391e+02  -2.4298749348695165e+02   9.6915003617084707e+01  -9.3664210950631599e+00   3.7496673280883717e+00   3.2415165339039747e+00   3.2429372967141017e+00   3.2418959114597499e+00   3.2418959114597499e+00   3.2429372967141017e+00   3.2415165339039747e+00   3.7496673280883717e+00  -9.3664210950631599e+00   9.6915003617084707e+01  -2.4298749348695165e+02   2.0996289389476391e+02   1.1945401142522099e+00  -5.9216495266685987e-01   1.9262608014322541e-01   4.9362019568417848e-02   3.6767070756508508e-02   1.8796816400119237e-02   3.9075560377505210e-03  -3.4408991171329139e-03  -1.4666907191276550e-02   4.6774400199204827e-02  -1.0840469028532260e+01   2.9240192527141664e+02  -2.4854608525285744e+03   8.3503215027223978e+03  -1.1670721326916038e+04   5.6593667191809491e+03
   8.4377060119717225e+03  -1.8537628592581601e+04   1.4486914630738745e+04  -4.9016308334243877e+03   7.0228706134106164e+02  -3.6074829145455880e+01   4.1899421037946427e-01  -1.9675649259189274e-02  -8.2195286788036975e-03   9.8275931820130322e-03   2.5485055582277805e-02   4.3023031655844153e-02   4.4237792385940534e-02   3.1330314056299147e-01  -9.8878492935635798e-01   1.5883603834621178e+00   2.9198809610570635e+02  -3.7781499005145042e+02   1.7006222147899533e+02  -2.4294051109982643e+01   4.8878596534176504e+00   3.3224313996550325e+00   3.3402773052845753e+00   3.3389199888819339e+00   3.3384704589843750e+00   3.3389199888819339e+00   3.3402773052845753e+00   3.3224313996550325e+00   4.8878596534176504e+00  -2.4294051109982643e+01   1.7006222147899533e+02  -3.7781499005145042e+02   2.9198809610570635e+02   1.5883603834621178e+00  -9.8878492935635798e-01   3.1330314056299147e-01   4.4237792385940534e-02   4.3023031655844153e-02   2.5485055582277805e-02   9.8275931820130322e-03  -8.2195286788036975e-03  -1.9675649259189274e-02   4.1899421037946427e-01  -3.6074829145455880e+01   7.0228706134106164e+02  -4.9016308334243877e+03   1.4486914630738745e+04  -1.8537628592581601e+04   8.4377060119717225e+03
   1.2513987310315179e+04  -2.9180344549111436e+04   2.4735011553272849e+04  -9.3895376448926909e+03   1.5961211457416655e+03  -1.0748655336883867e+02   2.1174997908480244e+00  -2.9864150647570711e-02  -1.2844661894273393e-02  -2.9421149027509296e-03   3.2938900851694607e-03   1.5984563621414174e-02   3.1655845142880501e-02   4.9193112797624478e-02   2.4910391501840979e-02   5.2499249970277895e-01  -1.5864985892412162e+00   2.1133574662596977e+00   4.0559164111798765e+02  -5.8019774204246335e+02   2.9278830576776267e+02  -5.4016495198916360e+01   7.6855999352900941e+00   3.3476530000734428e+00   3.4351517619436414e+00   3.4333311629754548e+00   3.4325544953467659e+00   3.4325544953467659e+00   3.4333311629754548e+00   3.4351517619436414e+00   3.3476530000734428e+00   7.6855999352900941e+00  -5.4016495198916360e+01   2.9278830576776267e+02  -5.8019774204246335e+02   4.0559164111798765e+02   2.1133574662596977e+00  -1.5864985892412162e+00   5.2499249970277895e-01   2.4910391501840979e-02   4.9193112797624478e-02   3.1655845142880501e-02   1.5984563621414174e-02   3.2938900851694607e-03  -2.9421149027509296e-03  -1.2844661894273393e-02  -2.9864150647570711e-02   2.1174997908480244e+00  -1.0748655336883867e+02   1.5961211457416655e+03  -9.3895376448926909e+03   2.4735011553272849e+04  -2.9180344549111436e+04   1.2513987310315179e+04
   1.8472543105978839e+04  -4.5565400776266433e+04   4.1646006357703482e+04  -1.7546191875121374e+04   3.4669457044305009e+03  -2.9367666566579010e+02   8.5536054991024848e+00  -8.1789837499275278e-02  -1.7039937960901631e-02  -7.1503222826508790e-03   8.3823051245946727e-03   2.1943306846759780e-02   3.7283743112356396e-02   5.6412331544606675e-02  -2.2889993571858530e-02   8.8765919794491221e-01  -2.4759735389262425e+00   2.8137061873419031e+00   5.6281178606797005e+02  -8.8191037438072874e+02   4.9522082633922241e+02  -1.1091929798082776e+02   1.4260448209702563e+01   3.1958957893024462e+00   3.5291701105291193e+00   3.5252937859967481e+00   3.5242815388136228e+00   3.5239410400390625e+00   3.5242815388136228e+00   3.5252937859967481e+00   3.5291701105291193e+00   3.1958957893024462e+00   1.4260448209702563e+01  -1.1091929798082776e+02   4.9522082633922241e+02  -8.8191037438072874e+02   5.6281178606797005e+02   2.8137061873419031e+00  -2.4759735389262425e+00   8.8765919794491221e-01  -2.2889993571858530e-02   5.6412331544606675e-02   3.7283743112356396e-02   2.1943306846759780e-02   8.3823051245946727e-03  -7.1503222826508790e-03  -1.7039937960901631e-02  -8.1789837499275278e-02   8.5536054991024848e+00  -2.9367666566579010e+02   3.4669457044305009e+03  -1.7546191875121374e+04   4.1646006357703482e+04  -4.5565400776266433e+04   1.8472543105978839e+04
   2.7153443004169996e+04  -7.0639971358844225e+04   6.9257765582481734e+04  -3.2094641659543962e+04   7.2509703331544843e+03  -7.4853426155212082e+02   2.9877995840631623e+01  -3.6123893873221674e-01  -2.0351987519661285e-02  -1.1342737497068106e-02  -2.5515931232383319e-03   2.8244799844723200e-03   1.3783622709572910e-02   2.7554583037287146e-02   4.2337346657042356e-02   6.7355842802990312e-02  -1.2564674885432872e-01   1.4955082289759112e+00  -3.7864321270486250e+00   3.7485643220704712e+00   7.8024283889834828e+02  -1.3290451794324829e+03   8.2431080878400257e+02  -2.1646744861058755e+02   2.8952513424707025e+01   2.5353443481475768e+00   3.6292012824119029e+00   3.6149488242532870e+00   3.6137849946649658e+00   3.6131874865348257e+00   3.6131874865348257e+00   3.6137849946649658e+00   3.6149488242532870e+00   3.6292012824119029e+00   2.5353443481475768e+00   2.8952513424707025e+01  -2.1646744861058755e+02   8.2431080878400257e+02  -1.3290451794324829e+03   7.8024283889834828e+02   3.7485643220704712e+00  -3.7864321270486250e+00   1.4955082289759112e+00  -1.2564674885432872e-01   6.7355842802990312e-02   4.2337346657042356e-02   2.7554583037287146e-02   1.3783622709572910e-02   2.8244799844723200e-03  -2.5515931232383319e-03  -1.1342737497068106e-02  -2.0351987519661285e-02  -3.6123893873221674e-01   2.9877995840631623e+01  -7.4853426155212082e+02   7.2509703331544843e+03  -3.2094641659543962e+04   6.9257765582481734e+04  -7.0639971358844225e+04   2.7153443004169996e+04
   3.9761965033682900e+04  -1.0880398602314286e+05   1.1391685502495196e+05  -5.7621133979794853e+04   1.4686115598986898e+04  -1.8024351644712344e+03   9.3638626367337210e+01  -1.6322294750218478e+00  -1.8819019551179848e-02  -1.5267638901457745e-02  -6.2853752763333574e-03   7.2535625206295706e-03   1.9108893429295490e-02   3.2777280805045259e-02   4.6642531783977995e-02   8.7990097953505250e-02  -3.3080672268907563e-01   2.4947898996780404e+00  -5.7014572743506990e+00   4.9971866594695271e+00   1.0807498410388860e+03  -1.9882665577720818e+03   1.3526484818048773e+03  -4.0719350292520261e+02   6.0310394545442833e+01   5.3641907269018307e-01   3.7609574217993864e+00   3.7023005703315937e+00   3.7011939801995415e+00   3.7004032170370160e+00   3.7001380920410156e+00   3.7004032170370160e+00   3.7011939801995415e+00   3.7023005703315937e+00   3.7609574217993864e+00   5.3641907269018307e-01   6.0310394545442833e+01  -4.0719350292520261e+02   1.3526484818048773e+03  -1.9882665577720818e+03   1.0807498410388860e+03   4.9971866594695271e+00  -5.7014572743506990e+00   2.4947898996780404e+00  -3.3080672268907563e-01   8.7990097953505250e-02   4.6642531783977995e-02   3.2777280805045259e-02   1.9108893429295490e-02   7.2535625206295706e-03  -6.2853752763333574e-03  -1.5267638901457745e-02  -1.8819019551179848e-02  -1.6322294750218478e+00   9.3638626367337210e+01  -1.8024351644712344e+03   1.4686115598986898e+04  -5.7621133979794853e+04   1.1391685502495196e+05  -1.0880398602314286e+05   3.9761965033682900e+04
   5.8024100584615531e+04  -1.6660307715164666e+05   1.8553644819016143e+05  -1.0176595079023161e+05   2.8936213481607905e+04  -4.1393817275269621e+03   2.6942301402520167e+02  -6.5887832471451580e+00   1.3689750319572534e-02  -1.8891816531246754e-02  -1.0089601285545979e-02  -2.2395650453734444e-03   2.4562667180594777e-03   1.2030939671368351e-02   2.4206053165229658e-02   3.7621675776758248e-02   4.9589741806589857e-02   1.3093271911658322e-01  -7.2106149937493313e-01   4.1102717168619947e+00  -8.4811267786844411e+00   6.6657926397899576e+00   1.4958256968098831e+03  -2.9557341627263995e+03   2.1916797708864033e+03  -7.4432191158643604e+02   1.2463463722439096e+02  -4.7364865947820372e+00   4.0082932223554746e+00   3.7866107527989241e+00   3.7866318265321302e+00   3.7856956436593387e+00   3.7852245415940149e+00   3.7852245415940149e+00   3.7856956436593387e+00   3.7866318265321302e+00   3.7866107527989241e+00   4.0082932223554746e+00  -4.7364865947820372e+00   1.2463463722439096e+02  -7.4432191158643604e+02   2.1916797708864033e+03  -2.9557341627263995e+03   1.4958256968098831e+03   6.6657926397899576e+00  -8.4811267786844411e+00   4.1102717168619947e+00  -7.2106149937493313e-01   1.3093271911658322e-01   4.9589741806589857e-02   3.7621675776758248e-02   2.4206053165229658e-02   1.2030939671368351e-02   2.4562667180594777e-03  -2.2395650453734444e-03  -1.0089601285545979e-02  -1.8891816531246754e-02   1.3689750319572534e-02  -6.5887832471451580e+00   2.6942301402520167e+02  -4.1393817275269621e+03   2.8936213481607905e+04  -1.0176595079023161e+05   1.8553644819016143e+05  -1.6660307715164666e+05   5.8024100584615531e+04
   8.4407170192897800e+04  -2.5374321444048168e+05   2.9951264303808595e+05  -1.7713307502556252e+05   5.5663760081645240e+04  -9.1329700475584341e+03   7.2319218044538843e+02  -2.3690460665983235e+01   2.1000624221241845e-01  -2.2564930391699538e-02  -1.3722056267416943e-02  -5.5768077889637620e-03   6.3538793628368385e-03   1.6811819327421935e-02   2.9016720520049395e-02   4.2143597252356807e-02   4.9463439727049002e-02   2.2166694230139608e-01  -1.4373457132178784e+00   6.6844033174286928e+00  -1.2492966648673820e+01   8.8967913924505737e+00   2.0688305779614916e+03  -4.3698126755378389e+03   3.5114386159359096e+03  -1.3290990789140808e+03   2.5217990322735210e+02  -1.7559198965159613e+01   4.6159157508416682e+00   3.8638475661392082e+00   3.8702244872946547e+00   3.8691680439839211e+00   3.8685373504993530e+00   3.8683261871337891e+00   3.8685373504993530e+00   3.8691680439839211e+00   3.8702244872946547e+00   3.8638475661392082e+00   4.6159157508416682e+00  -1.7559198965159613e+01   2.5217990322735210e+02  -1.3290990789140808e+03   3.5114386159359096e+03  -4.3698126755378389e+03   2.0688305779614916e+03   8.8967913924505737e+00  -1.2492966648673820e+01   6.6844033174286928e+00  -1.4373457132178784e+00   2.2166694230139608e-01   4.9463439727049002e-02   4.2143597252356807e-02   2.9016720520049395e-02   1.6811819327421935e-02   6.3538793628368385e-03  -5.5768077889637620e-03  -1.3722056267416943e-02  -2.2564930391699538e-02   2.1000624221241845e-01  -2.3690460665983235e+01   7.2319218044538843e+02  -9.1329700475584341e+03   5.5663760081645240e+04  -1.7713307502556252e+05   2.9951264303808595e+05  -2.5374321444048168e+05   8.4407170192897800e+04
   1.2243243782875502e+05  -3.8457302259044937e+05   4.7963238400097133e+05  -3.0433222056160367e+05   1.0485250747287548e+05  -1.9470686110875795e+04   1.8325253178314701e+03  -7.7209475621212206e+01   1.1300188330765233e+00  -2.9247962195586997e-02  -1.7107610710627382e-02  -9.0387887161279788e-03  -1.9858348716254451e-03   2.1613004644058854e-03   1.0612394359884956e-02   2.1449963471321595e-02   3.3524749390164581e-02   4.6497554204155821e-02   4.1969698745614889e-02   4.0971394896339569e-01  -2.7154514442344873e+00   1.0735006859536485e+01  -1.8255182115788404e+01   1.1881176571024792e+01   2.8594426873829125e+03  -6.4291475464377727e+03   5.5698963959079447e+03  -2.3270173799079248e+03   4.9783410006621671e+02  -4.6967042178874038e+01   6.2380439009697080e+00   3.9177037951527205e+00   3.9521692722852895e+00   3.9509183127083407e+00   3.9501644974362429e+00   3.9497853889455361e+00   3.9497853889455361e+00   3.9501644974362429e+00   3.9509183127083407e+00   3.9521692722852895e+00   3.9177037951527205e+00   6.2380439009697080e+00  -4.6967042178874038e+01   4.9783410006621671e+02  -2.3270173799079248e+03   5.5698963959079447e+03  -6.4291475464377727e+03   2.8594426873829125e+03   1.1881176571024792e+01  -1.8255182115788404e+01   1.0735006859536485e+01  -2.7154514442344873e+00   4.0971394896339569e-01   4.1969698745614889e-02   4.6497554204155821e-02   3.3524749390164581e-02   2.1449963471321595e-02   1.0612394359884956e-02   2.1613004644058854e-03  -1.9858348716254451e-03  -9.0387887161279788e-03  -1.7107610710627382e-02  -2.9247962195586997e-02   1.1300188330765233e+00  -7.7209475621212206e+01   1.8325253178314701e+03  -1.9470686110875795e+04   1.0485250747287548e+05  -3.0433222056160367e+05   4.7963238400097133e+05  -3.8457302259044937e+05   1.2243243782875502e+05
   1.7711758676705716e+05  -5.8024478108010883e+05   7.6247005648313509e+05  -5.1679516192813474e+05   1.9387232697365797e+05  -4.0293505522985652e+04   4.4232770075670196e+03  -2.3194246964553827e+02   4.8237422183257106e+00  -5.7463483663493672e-02  -2.0207940158372687e-02  -1.2398802120886961e-02  -4.9891516122369129e-03   5.6239725723029061e-03   1.4926278038943469e-02   2.5880479222809630e-02   3.7730919978807773e-02   5.1114991275562724e-02   1.7158239747868231e-02   7.8825924191554297e-01  -4.9437458258745153e+00   1.7039919769830750e+01  -2.6496965668820184e+01   1.5875184218852230e+01   3.9497718532841404e+03  -9.4183355756033270e+03   8.7564645697944161e+03  -4.0058201123799822e+03   9.5924686597100208e+02  -1.1136379269262852e+02   1.0505561102226720e+01   3.8918663154849904e+00   4.0331051224550585e+00   4.0310377511737476e+00   4.0301902727770642e+00   4.0296778397967916e+00   4.0295064449310303e+00   4.0296778397967916e+00   4.0301902727770642e+00   4.0310377511737476e+00   4.0331051224550585e+00   3.8918663154849904e+00   1.0505561102226720e+01  -1.1136379269262852e+02   9.5924686597100208e+02  -4.0058201123799822e+03   8.7564645697944161e+03  -9.4183355756033270e+03   3.9497718532841404e+03   1.5875184218852230e+01  -2.6496965668820184e+01   1.7039919769830750e+01  -4.9437458258745153e+00   7.8825924191554297e-01   1.7158239747868231e-02   5.1114991275562724e-02   3.7730919978807773e-02   2.5880479222809630e-02   1.4926278038943469e-02   5.6239725723029061e-03  -4.9891516122369129e-03  -1.2398802120886961e-02  -2.0207940158372687e-02  -5.7463483663493672e-02   4.8237422183257106e+00  -2.3194246964553827e+02   4.4232770075670196e+03  -4.0293505522985652e+04   1.9387232697365797e+05  -5.1679516192813474e+05   7.6247005648313509e+05  -5.8024478108010883e+05   1.7711758676705716e+05
   2.5560233181239516e+05  -8.7185858213644021e+05   1.2040123392818524e+06  -8.6835853824554151e+05   3.5258544634400506e+05  -8.1243815865155106e+04   1.0242391741325842e+04  -6.5097061728193955e+02   1.8018720409174648e+01  -2.0091272995569837e-01  -2.2764511842966233e-02  -1.5577545130407577e-02  -8.1510310028673795e-03  -1.7763459362784160e-03   1.9207760546237310e-03   9.4472956286533859e-03   1.9158567152556129e-02   3.0077818134690414e-02   4.1630622672625843e-02   5.7174461900258315e-02  -4.6747734765477673e-02   1.5279703250329726e+00  -8.7533703617218510e+00   2.6760736817536202e+01  -3.8242537087986051e+01   2.1222685095379205e+01   5.4527552150812535e+03  -1.3744332803530819e+04   1.3656270026882799e+04  -6.7947437849559747e+03   1.8072235841327483e+03  -2.4709384119435893e+02   2.1259243953788030e+01   3.6125080498055300e+00   4.1157093651859880e+00   4.1096046335801031e+00   4.1086946444289634e+00   4.1080766609945227e+00   4.1077662765677907e+00   4.1077662765677907e+00   4.1080766609945227e+00   4.1086946444289634e+00   4.1096046335801031e+00   4.1157093651859880e+00   3.6125080498055300e+00   2.1259243953788030e+01  -2.4709384119435893e+02   1.8072235841327483e+03  -6.7947437849559747e+03   1.3656270026882799e+04  -1.3744332803530819e+04   5.4527552150812535e+03   2.1222685095379205e+01  -3.8242537087986051e+01   2.6760736817536202e+01  -8.7533703617218510e+00   1.5279703250329726e+00  -4.6747734765477673e-02   5.7174461900258315e-02   4.1630622672625843e-02   3.0077818134690414e-02   1.9158567152556129e-02   9.4472956286533859e-03   1.9207760546237310e-03  -1.7763459362784160e-03  -8.1510310028673795e-03  -1.5577545130407577e-02  -2.2764511842966233e-02  -2.0091272995569837e-01   1.8018720409174648e+01  -6.5097061728193955e+02   1.0242391741325842e+04  -8.1243815865155106e+04   3.5258544634400506e+05  -8.6835853824554151e+05   1.2040123392818524e+06  -8.7185858213644021e+05   2.5560233181239516e+05
   3.6803206868111860e+05  -1.3050283709718988e+06   1.8896090253734791e+06  -1.4451404563701781e+06   6.3178233813661686e+05  -1.6009484249785705e+05   2.2880453953093012e+04  -1.7250913640266429e+03   6.0944161562675951e+01  -8.6183363427311466e-01  -2.2688318344209934e-02  -1.8551963124262615e-02  -1.1261482760055716e-02  -4.4961439079797029e-03   5.0226353729256748e-03   1.3359681212785928e-02   2.3242821503104721e-02   3.4037013170922427e-02   4.5169517105963800e-02   6.7730351178841061e-02  -1.9530035453294922e-01   2.9343173020261286e+00  -1.5158126988567707e+01   4.1623122773557256e+01  -5.4928137397228717e+01   2.8385292277970009e+01   7.5236842618267710e+03  -1.9988026137460292e+04   2.1144842096366716e+04  -1.1376326382616024e+04   3.3361266350621372e+03  -5.2406148437619822e+02   4.7128313483150343e+01   2.5878178429001619e+00   4.2105611494124791e+00   4.1866413765712380e+00   4.1857530141584087e+00   4.1850517749421670e+00   4.1846288247335881e+00   4.1844874620437622e+00   4.1846288247335881e+00   4.1850517749421670e+00   4.1857530141584087e+00   4.1866413765712380e+00   4.2105611494124791e+00   2.5878178429001619e+00   4.7128313483150343e+01  -5.2406148437619822e+02   3.3361266350621372e+03  -1.1376326382616024e+04   2.1144842096366716e+04  -1.9988026137460292e+04   7.5236842618267710e+03   2.8385292277970009e+01  -5.4928137397228717e+01   4.1623122773557256e+01  -1.5158126988567707e+01   2.9343173020261286e+00  -1.9530035453294922e-01   6.7730351178841061e-02   4.5169517105963800e-02   3.4037013170922427e-02   2.3242821503104721e-02   1.3359681212785928e-02   5.0226353729256748e-03  -4.4961439079797029e-03  -1.1261482760055716e-02  -1.8551963124262615e-02  -2.2688318344209934e-02  -8.6183363427311466e-01   6.0944161562675951e+01  -1.7250913640266429e+03   2.2880453953093012e+04  -1.6009484249785705e+05   6.3178233813661686e+05  -1.4451404563701781e+06   1.8896090253734791e+06  -1.3050283709718988e+06   3.6803206868111860e+05
   5.2880478720739856e+05  -1.9465011550320319e+06   2.9488752642428246e+06  -2.3840531722614486e+06   1.1170116618249307e+06  -3.0910338484244241e+05   4.9535028072997993e+04  -4.3527385944215785e+03   1.9023858960848889e+02  -3.5582396084872263e+00  -7.1039336075464383e-03  -2.1341832620779912e-02  -1.4240121572841434e-02  -7.3949977041651320e-03  -1.6010768891977843e-03   1.7216442087626663e-03   8.4776989719832670e-03   1.7234472230212707e-02   2.7147903625098613e-02   3.7765602518448731e-02   4.8123694673427427e-02   9.0260179236299060e-02  -5.2031163539017211e-01   5.5433637308488626e+00  -2.5769946718061082e+01   6.4178774255765333e+01  -7.8564747708855720e+01   3.7982851035157154e+01   1.0376027710240778e+04  -2.8977198205483684e+04   3.2527218597255189e+04  -1.8827926229626188e+04   6.0466389640993875e+03  -1.0736891095056476e+03   1.0674834464374356e+02  -4.7931104803289754e-01   4.3551927173620459e+00   4.2618871171405921e+00   4.2614366427210619e+00   4.2606695690968444e+00   4.2601556337373392e+00   4.2598977443970600e+00   4.2598977443970600e+00   4.2601556337373392e+00   4.2606695690968444e+00   4.2614366427210619e+00   4.2618871171405921e+00   4.3551927173620459e+00  -4.7931104803289754e-01   1.0674834464374356e+02  -1.0736891095056476e+03   6.0466389640993875e+03  -1.8827926229626188e+04   3.2527218597255189e+04  -2.8977198205483684e+04   1.0376027710240778e+04   3.7982851035157154e+01  -7.8564747708855720e+01   6.4178774255765333e+01  -2.5769946718061082e+01   5.5433637308488626e+00  -5.2031163539017211e-01   9.0260179236299060e-02   4.8123694673427427e-02   3.7765602518448731e-02   2.7147903625098613e-02   1.7234472230212707e-02   8.4776989719832670e-03   1.7216442087626663e-03  -1.6010768891977843e-03  -7.3949977041651320e-03  -1.4240121572841434e-02  -2.1341832620779912e-02  -7.1039336075464383e-03  -3.5582396084872263e+00   1.9023858960848889e+02  -4.3527385944215785e+03   4.9535028072997993e+04  -3.0910338484244241e+05   1.1170116618249307e+06  -2.3840531722614486e+06   2.9488752642428246e+06  -1.9465011550320319e+06   5.2880478720739856e+05
   7.5832897335066181e+05  -2.8937365507855406e+06   4.5779468444917724e+06  -3.9015312847453617e+06   1.9510939659262421e+06  -5.8600536477887828e+05   1.0432043379639948e+05  -1.0527265674294033e+04   5.5535212166915153e+02  -1.3457611732016051e+01   8.9212191721049425e-02  -2.4157929798115495e-02  -1.7056322027043141e-02  -1.0279257648703768e-02  -4.0781760334660452e-03   4.5205364125060583e-03   1.2043437843540186e-02   2.1006429690567756e-02   3.0861711994096021e-02   4.1284950342270574e-02   4.9776848774716220e-02   1.4214496631140930e-01  -1.2011520731321665e+00   1.0279880549229674e+01  -4.3128754287889549e+01   9.8184961473558957e+01  -1.1196420842977059e+02   5.0847902442469334e+01   1.4303146679694786e+04  -4.1889645114301275e+04   4.9741787911984618e+04  -3.0838804061715036e+04   1.0780479024615914e+04  -2.1381884436951823e+03   2.3903092137015844e+02  -8.8172839868066823e+00   4.6703338256839748e+00   4.3337987228243575e+00   4.3358168454337456e+00   4.3349927619034307e+00   4.3344055062752407e+00   4.3340516492884511e+00   4.3339334428310394e+00   4.3340516492884511e+00   4.3344055062752407e+00   4.3349927619034307e+00   4.3358168454337456e+00   4.3337987228243575e+00   4.6703338256839748e+00  -8.8172839868066823e+00   2.3903092137015844e+02  -2.1381884436951823e+03   1.0780479024615914e+04  -3.0838804061715036e+04   4.9741787911984618e+04  -4.1889645114301275e+04   1.4303146679694786e+04   5.0847902442469334e+01  -1.1196420842977059e+02   9.8184961473558957e+01  -4.3128754287889549e+01   1.0279880549229674e+01  -1.2011520731321665e+00   1.4214496631140930e-01   4.9776848774716220e-02   4.1284950342270574e-02   3.0861711994096021e-02   2.1006429690567756e-02   1.2043437843540186e-02   4.5205364125060583e-03  -4.0781760334660452e-03  -1.0279257648703768e-02  -1.7056322027043141e-02  -2.4157929798115495e-02   8.9212191721049425e-02  -1.3457611732016051e+01   5.5535212166915153e+02  -1.0527265674294033e+04   1.0432043379639948e+05  -5.8600536477887828e+05   1.9510939659262421e+06  -3.9015312847453617e+06   4.5779468444917724e+06  -2.8937365507855406e+06   7.5832897335066181e+05
   1.0854997450597081e+06  -4.2887486422441695e+06   7.0726295304860845e+06  -6.3379274083604570e+06   3.3705343804018321e+06  -1.0928549658619417e+06   2.1438078734449891e+05  -2.4537138434483881e+04   1.5313914460347396e+03  -4.6730228026934078e+01   5.5068253789471933e-01  -2.8503568723556996e-02  -1.9700959042172651e-02  -1.3070032337310010e-02  -6.7460218708321820e-03  -1.4527257478655616e-03   1.5546048717883739e-03   7.6612857240672292e-03   1.5603387639209345e-02   2.4641824427843205e-02   3.4382554157641965e-02   4.4650470705863164e-02   4.8099555546088142e-02   2.6200834379944821e-01  -2.5790536906729820e+00   1.8715505918614316e+01  -7.1204680174533252e+01   1.4915303840826135e+02  -1.5905318870972059e+02   6.8098957912058069e+01   1.9708090488292848e+04  -6.0398754817113142e+04   7.5658283153538956e+04  -5.0041620774896743e+04   1.8937940684928366e+04  -4.1562052078307752e+03   5.2289879101383349e+02  -3.0080054145513095e+01   5.5136860056734811e+00   4.3957575038718719e+00   4.4089919109449971e+00   4.4080803781137083e+00   4.4074343293812763e+00   4.4070015503523603e+00   4.4067845338252569e+00   4.4067845338252569e+00   4.4070015503523603e+00   4.4074343293812763e+00   4.4080803781137083e+00   4.4089919109449971e+00   4.3957575038718719e+00   5.5136860056734811e+00  -3.0080054145513095e+01   5.2289879101383349e+02  -4.1562052078307752e+03   1.8937940684928366e+04  -5.0041620774896743e+04   7.5658283153538956e+04  -6.0398754817113142e+04   1.9708090488292848e+04   6.8098957912058069e+01  -1.5905318870972059e+02   1.4915303840826135e+02  -7.1204680174533252e+01   1.8715505918614316e+01  -2.5790536906729820e+00   2.6200834379944821e-01   4.8099555546088142e-02   4.4650470705863164e-02   3.4382554157641965e-02   2.4641824427843205e-02   1.5603387639209345e-02   7.6612857240672292e-03   1.5546048717883739e-03  -1.4527257478655616e-03  -6.7460218708321820e-03  -1.3070032337310010e-02  -1.9700959042172651e-02  -2.8503568723556996e-02   5.5068253789471933e-01  -4.6730228026934078e+01   1.5313914460347396e+03  -2.4537138434483881e+04   2.1438078734449891e+05  -1.0928549658619417e+06   3.3705343804018321e+06  -6.3379274083604570e+06   7.0726295304860845e+06  -4.2887486422441695e+06   1.0854997450597081e+06
   1.5511837774632550e+06  -6.3380765091382507e+06   1.0877653103963187e+07  -1.0225853614034805e+07   5.7640624041563477e+06  -2.0080050439436177e+06   4.3101875469261559e+05  -5.5362947104482177e+04   4.0204228999664383e+03  -1.5055937304909290e+02   2.4780563372539328e+00  -4.3300266700656675e-02  -2.2160958022505825e-02  -1.5733531613348152e-02  -9.4262410078635572e-03  -3.7204378298038095e-03   4.0963403911687844e-03   1.0926195550092149e-02   1.9094918156608912e-02   2.8124537096349191e-02   3.7713556279035172e-02   4.8023275171942915e-02   3.7778447698432700e-02   5.3242303786551726e-01  -5.2884239624465801e+00   3.3486198490146371e+01  -1.1615883976949152e+02   2.2513929738330381e+02  -2.2530880909852789e+02   9.1239100579801914e+01   2.7144472233295615e+04  -8.6878825790503499e+04   1.1451244683715721e+05  -8.0516557085474167e+04   3.2826650738897566e+04  -7.9098741307887994e+03   1.1144307336402194e+03  -8.1678527966957560e+01   7.8747647977257111e+00   4.4232221137014784e+00   4.4812279491194795e+00   4.4799875151256581e+00   4.4792950212926668e+00   4.4787974808079634e+00   4.4784979195791141e+00   4.4783978909254074e+00   4.4784979195791141e+00   4.4787974808079634e+00   4.4792950212926668e+00   4.4799875151256581e+00   4.4812279491194795e+00   4.4232221137014784e+00   7.8747647977257111e+00  -8.1678527966957560e+01   1.1144307336402194e+03  -7.9098741307887994e+03   3.2826650738897566e+04  -8.0516557085474167e+04   1.1451244683715721e+05  -8.6878825790503499e+04   2.7144472233295615e+04   9.1239100579801914e+01  -2.2530880909852789e+02   2.2513929738330381e+02  -1.1615883976949152e+02   3.3486198490146371e+01  -5.2884239624465801e+00   5.3242303786551726e-01   3.7778447698432700e-02   4.8023275171942915e-02   3.7713556279035172e-02   2.8124537096349191e-02   1.9094918156608912e-02   1.0926195550092149e-02   4.0963403911687844e-03  -3.7204378298038095e-03  -9.4262410078635572e-03  -1.5733531613348152e-02  -2.2160958022505825e-02  -4.3300266700656675e-02   2.4780563372539328e+00  -1.5055937304909290e+02   4.0204228999664383e+03  -5.5362947104482177e+04   4.3101875469261559e+05  -2.0080050439436177e+06   5.7640624041563477e+06  -1.0225853614034805e+07   1.0877653103963187e+07  -6.3380765091382507e+06   1.5511837774632550e+06
   2.2131201166256671e+06  -9.3415557480417322e+06   1.6659683262195267e+07  -1.6395001612928636e+07   9.7662221526761279e+06  -3.6399371092199334e+06   8.4969349149275629e+05  -1.2136845412452571e+05   1.0112987755885933e+04  -4.5474043640728866e+02   9.7361361344648873e+00  -1.1357040373606508e-01  -2.4298335658408526e-02  -1.8257381442486752e-02  -1.2042762434395751e-02  -6.1847167529324254e-03  -1.3258666634950601e-03   1.4128743788626471e-03   6.9666287395627260e-03   1.4208374688424895e-02   2.2483490942154429e-02   3.1448720171828093e-02   4.0856206227901017e-02   5.1881714575224724e-02   5.7098639428837597e-03   1.1241331203200267e+00  -1.0485313704675233e+01   5.8961457725982612e+01  -1.8749053807533244e+02   3.3788277796033714e+02  -3.1836262823887148e+02   1.2228869220175542e+02   3.7372533996690923e+04  -1.2469436868244714e+05   1.7253872479826168e+05  -1.2855500037691504e+05   5.6217014450413364e+04  -1.4774553350409615e+04   2.3155092533050165e+03  -2.0183320200319650e+02   1.4337153031676955e+01   4.3340351331839582e+00   4.5535849246927658e+00   4.5507628556463349e+00   4.5500375624745466e+00   4.5494870486158447e+00   4.5491186037256668e+00   4.5489339439910434e+00   4.5489339439910434e+00   4.5491186037256668e+00   4.5494870486158447e+00   4.5500375624745466e+00   4.5507628556463349e+00   4.5535849246927658e+00   4.3340351331839582e+00   1.4337153031676955e+01  -2.0183320200319650e+02   2.3155092533050165e+03  -1.4774553350409615e+04   5.6217014450413364e+04  -1.2855500037691504e+05   1.7253872479826168e+05  -1.2469436868244714e+05   3.7372533996690923e+04   1.2228869220175542e+02  -3.1836262823887148e+02   3.3788277796033714e+02  -1.8749053807533244e+02   5.8961457725982612e+01  -1.0485313704675233e+01   1.1241331203200267e+00   5.7098639428837597e-03   5.1881714575224724e-02   4.0856206227901017e-02   3.1448720171828093e-02   2.2483490942154429e-02   1.4208374688424895e-02   6.9666287395627260e-03   1.4128743788626471e-03  -1.3258666634950601e-03  -6.1847167529324254e-03  -1.2042762434395751e-02  -1.8257381442486752e-02  -2.4298335658408526e-02  -1.1357040373606508e-01   9.7361361344648873e+00  -4.5474043640728866e+02   1.0112987755885933e+04  -1.2136845412452571e+05   8.4969349149275629e+05  -3.6399371092199334e+06   9.7662221526761279e+06  -1.6395001612928636e+07   1.6659683262195267e+07  -9.3415557480417322e+06   2.2131201166256671e+06
   3.1528069265385680e+06  -1.3733713124063337e+07   2.5415311879407234e+07  -2.6132363587722819e+07   1.6406225844934370e+07  -6.5171648955889503e+06   1.6455347792307991e+06  -2.5931662681611811e+05   2.4499902023276627e+04  -1.2987971154041813e+03   3.4840522861515332e+01  -4.3800676760415130e-01  -2.5085619298731026e-02  -2.0641140648313430e-02  -1.4560347460499914e-02  -8.6811603679197106e-03  -3.4116029252388019e-03   3.7342223366097181e-03   9.9690404062143297e-03   1.7448454426728165e-02   2.5750652317849083e-02   3.4614711614195395e-02   4.3795008596560228e-02   5.7593582175811960e-02  -7.8885401087504303e-02   2.3801400986820478e+00  -2.0239474428008634e+01   1.0230882379062136e+02  -2.9975993103953749e+02   5.0443895401511207e+02  -4.4883751091676743e+02   1.6396401436700782e+02   5.1436032714906643e+04  -1.7860737877900645e+05   2.5888940307720553e+05  -2.0381231612362756e+05   9.5221499564105310e+04  -2.7138737031229692e+04   4.6986520205174356e+03  -4.7188848110362068e+02   3.1322466347174309e+01   3.8746615659459143e+00   4.6303567320713990e+00   4.6204321965824038e+00   4.6197091018045615e+00   4.6191154254790048e+00   4.6186895917140456e+00   4.6184333591333973e+00   4.6183478250168264e+00   4.6184333591333973e+00   4.6186895917140456e+00   4.6191154254790048e+00   4.6197091018045615e+00   4.6204321965824038e+00   4.6303567320713990e+00   3.8746615659459143e+00   3.1322466347174309e+01  -4.7188848110362068e+02   4.6986520205174356e+03  -2.7138737031229692e+04   9.5221499564105310e+04  -2.0381231612362756e+05   2.5888940307720553e+05  -1.7860737877900645e+05   5.1436032714906643e+04   1.6396401436700782e+02  -4.4883751091676743e+02   5.0443895401511207e+02  -2.9975993103953749e+02   1.0230882379062136e+02  -2.0239474428008634e+01   2.3801400986820478e+00  -7.8885401087504303e-02   5.7593582175811960e-02   4.3795008596560228e-02   3.4614711614195395e-02   2.5750652317849083e-02   1.7448454426728165e-02   9.9690404062143297e-03   3.7342223366097181e-03  -3.4116029252388019e-03  -8.6811603679197106e-03  -1.4560347460499914e-02  -2.0641140648313430e-02  -2.5085619298731026e-02  -4.3800676760415130e-01   3.4840522861515332e+01  -1.2987971154041813e+03   2.4499902023276627e+04  -2.5931662681611811e+05   1.6455347792307991e+06  -6.5171648955889503e+06   1.6406225844934370e+07  -2.6132363587722819e+07   2.5415311879407234e+07  -1.3733713124063337e+07   3.1528069265385680e+06
   4.4851719163927790e+06  -2.0143245290886089e+07   3.8630448359993845e+07  -4.1426346613164581e+07   2.7343559889920581e+07  -1.1537308232134143e+07   3.1357378066873252e+06  -5.4141933045366348e+05   5.7411155563902445e+04  -3.5330890307443178e+03   1.1565147500292127e+02  -1.8018301183129646e+00  -1.8435290150171244e-02  -2.2901290868642205e-02  -1.6963586587745067e-02  -1.1137164248521484e-02  -5.6957876842667291e-03  -1.2163964153932949e-03   1.2914029604270852e-03   6.3700163165046958e-03   1.3005447423459092e-02   2.0612160979935387e-02   2.8887611986058281e-02   3.7627047479873020e-02   4.6451103154786608e-02   6.8869184921016499e-02  -2.8539354080423107e-01   4.9722859535174200e+00  -3.8198938240020617e+01   1.7517521884199454e+02  -4.7516482732779724e+02   7.4952102033389474e+02  -6.3150644957312761e+02   2.1991778499739434e+02   7.0767660946500386e+04  -2.5535019819406033e+05   3.8696740341129265e+05  -3.2104214070359629e+05   1.5967882023604578e+05  -4.9103765079511431e+04   9.3307527766338135e+03  -1.0603306242117169e+03   7.4129746176649476e+01   2.3139090621299636e+00   4.7276209565475762e+00   4.6889115595876705e+00   4.6883542963790852e+00   4.6877253868424580e+00   4.6872518555927840e+00   4.6869351411725066e+00   4.6867764722461338e+00   4.6867764722461338e+00   4.6869351411725066e+00   4.6872518555927840e+00   4.6877253868424580e+00   4.6883542963790852e+00   4.6889115595876705e+00   4.7276209565475762e+00   2.3139090621299636e+00   7.4129746176649476e+01  -1.0603306242117169e+03   9.3307527766338135e+03  -4.9103765079511431e+04   1.5967882023604578e+05  -3.2104214070359629e+05   3.8696740341129265e+05  -2.5535019819406033e+05   7.0767660946500386e+04   2.1991778499739434e+02  -6.3150644957312761e+02   7.4952102033389474e+02  -4.7516482732779724e+02   1.7517521884199454e+02  -3.8198938240020617e+01   4.9722859535174200e+00  -2.8539354080423107e-01   6.8869184921016499e-02   4.6451103154786608e-02   3.7627047479873020e-02   2.8887611986058281e-02   2.0612160979935387e-02   1.3005447423459092e-02   6.3700163165046958e-03   1.2914029604270852e-03  -1.2163964153932949e-03  -5.6957876842667291e-03  -1.1137164248521484e-02  -1.6963586587745067e-02  -2.2901290868642205e-02  -1.8435290150171244e-02  -1.8018301183129646e+00   1.1565147500292127e+02  -3.5330890307443178e+03   5.7411155563902445e+04  -5.4141933045366348e+05   3.1357378066873252e+06  -1.1537308232134143e+07   2.7343559889920581e+07  -4.1426346613164581e+07   3.8630448359993845e+07  -2.0143245290886089e+07   4.4851719163927790e+06
   6.3721422291661669e+06  -2.9478376123652410e+07   5.8515109973174632e+07  -6.5337579400474519e+07   4.5239219055820867e+07  -2.0212635889309827e+07   5.8881106262059389e+06  -1.1071103920596321e+06   1.3059999158338088e+05  -9.2081668003305404e+03   3.6022742285903962e+02  -7.0356974592701995e+00   2.6438408620141823e-02  -2.5149376441844968e-02  -1.9247491828476789e-02  -1.3517175619860137e-02  -8.0266565693791255e-03  -3.1429010200312362e-03   3.4222366504589922e-03   9.1421163462672584e-03   1.6019971031171396e-02   2.3679848704517274e-02   3.1891516263177488e-02   4.0495098330561585e-02   4.8543892891474309e-02   9.5266811074862928e-02  -7.6480065937313180e-01   1.0187539330589431e+01  -7.0704246196015418e+01   2.9632555051952409e+02  -7.4738140687385931e+02   1.1088493917238829e+03  -8.8689625953063319e+02   2.9506303573023581e+02   9.7333569247526219e+04  -3.6443064229137724e+05   5.7635553479089634e+05  -5.0269742341446358e+05   2.6532173097882891e+05  -8.7640194992481411e+04   1.8168925750349019e+04  -2.3078590055350787e+03   1.7788987920537718e+02  -2.3392853430981804e+00   4.9006853150242762e+00   4.7556154363737582e+00   4.7560171349790688e+00   4.7553573846568558e+00   4.7548443450467213e+00   4.7544765849980637e+00   4.7542554011927010e+00   4.7541815845761448e+00   4.7542554011927010e+00   4.7544765849980637e+00   4.7548443450467213e+00   4.7553573846568558e+00   4.7560171349790688e+00   4.7556154363737582e+00   4.9006853150242762e+00  -2.3392853430981804e+00   1.7788987920537718e+02  -2.3078590055350787e+03   1.8168925750349019e+04  -8.7640194992481411e+04   2.6532173097882891e+05  -5.0269742341446358e+05   5.7635553479089634e+05  -3.6443064229137724e+05   9.7333569247526219e+04   2.9506303573023581e+02  -8.8689625953063319e+02   1.1088493917238829e+03  -7.4738140687385931e+02   2.9632555051952409e+02  -7.0704246196015418e+01   1.0187539330589431e+01  -7.6480065937313180e-01   9.5266811074862928e-02   4.8543892891474309e-02   4.0495098330561585e-02   3.1891516263177488e-02   2.3679848704517274e-02   1.6019971031171396e-02   9.1421163462672584e-03   3.4222366504589922e-03  -3.1429010200312362e-03  -8.0266565693791255e-03  -1.3517175619860137e-02  -1.9247491828476789e-02  -2.5149376441844968e-02   2.6438408620141823e-02  -7.0356974592701995e+00   3.6022742285903962e+02  -9.2081668003305404e+03   1.3059999158338088e+05  -1.1071103920596321e+06   5.8881106262059389e+06  -2.0212635889309827e+07   4.5239219055820867e+07  -6.5337579400474519e+07   5.8515109973174632e+07  -2.9478376123652410e+07   6.3721422291661669e+06
   9.0416735573109742e+06  -4.3049207286191352e+07   8.8348624019532248e+07  -1.0256054714632362e+08   7.4338164989814118e+07  -3.5072002549027003e+07   1.0908210807874896e+07  -2.2214747822646582e+06   2.8928918216979277e+05  -2.3106510793771889e+04   1.0618858855738504e+03  -2.5582823071025011e+01   2.4690415890156828e-01  -2.8109930201714598e-02  -2.1411957968736663e-02  -1.5803985736834936e-02  -1.0335323937194520e-02  -5.2670911499031270e-03  -1.1211626987474876e-03   1.1863635636711065e-03   5.8532920064197219e-03   1.1960311381974266e-02   1.8979229823365841e-02   2.6640868102293918e-02   3.4763127802165665e-02   4.3240296082822968e-02   4.9201451770077440e-02   1.6029125639134725e-01  -1.8356946950650423e+00   2.0442985859139952e+01  -1.2863815129960932e+02   4.9575930890731360e+02  -1.1672699094159786e+03   1.6339357236196017e+03  -1.2435057107573252e+03   3.9600931275721376e+02   1.3383146224784112e+05  -5.1926268922838505e+05   8.5560452470513270e+05  -7.8282001039696543e+05   4.3715583594261383e+05  -1.5448448766113154e+05   3.4752657697341703e+04  -4.8888304229949172e+03   4.2070981859338372e+02  -1.5245489939995453e+01   5.3259948414281526e+00   4.8178948260249124e+00   4.8227514663045579e+00   4.8220496267564474e+00   4.8215040306810559e+00   4.8210932679022198e+00   4.8208186782646258e+00   4.8206811568869510e+00   4.8206811568869510e+00   4.8208186782646258e+00   4.8210932679022198e+00   4.8215040306810559e+00   4.8220496267564474e+00   4.8227514663045579e+00   4.8178948260249124e+00   5.3259948414281526e+00  -1.5245489939995453e+01   4.2070981859338372e+02  -4.8888304229949172e+03   3.4752657697341703e+04  -1.5448448766113154e+05   4.3715583594261383e+05  -7.8282001039696543e+05   8.5560452470513270e+05  -5.1926268922838505e+05   1.3383146224784112e+05   3.9600931275721376e+02  -1.2435057107573252e+03   1.6339357236196017e+03  -1.1672699094159786e+03   4.9575930890731360e+02  -1.2863815129960932e+02   2.0442985859139952e+01  -1.8356946950650423e+00   1.6029125639134725e-01   4.9201451770077440e-02   4.3240296082822968e-02   3.4763127802165665e-02   2.6640868102293918e-02   1.8979229823365841e-02   1.1960311381974266e-02   5.8532920064197219e-03   1.1863635636711065e-03  -1.1211626987474876e-03  -5.2670911499031270e-03  -1.0335323937194520e-02  -1.5803985736834936e-02  -2.1411957968736663e-02  -2.8109930201714598e-02   2.4690415890156828e-01  -2.5582823071025011e+01   1.0618858855738504e+03  -2.3106510793771889e+04   2.8928918216979277e+05  -2.2214747822646582e+06   1.0908210807874896e+07  -3.5072002549027003e+07   7.4338164989814118e+07  -1.0256054714632362e+08   8.8348624019532248e+07  -4.3049207286191352e+07   9.0416735573109742e+06
   1.2814417775966125e+07  -6.2742896219420731e+07   1.3298624981438316e+08  -1.6027194950426763e+08   1.2137954939562663e+08  -6.0314996079249099e+07   1.9959284859589692e+07  -4.3814022285127714e+06   6.2559995672226010e+05  -5.6057247549034000e+04   2.9827493170784205e+03  -8.6929374408483426e+01   1.1957002528172902e+00  -3.5939088695987595e-02  -2.3451701953809995e-02  -1.7990357961579276e-02  -1.2586629591692586e-02  -7.4485748860737503e-03  -2.9074596933808192e-03   3.1512226704232039e-03   8.4222378318940163e-03   1.4772206864295286e-02   2.1863131932917942e-02   2.9490269542823137e-02   3.7505112988795830e-02   4.5923525119219585e-02   4.5924843313757631e-02   3.1942098366600552e-01  -4.1523563427036025e+00   4.0198889445822481e+01  -2.3046884147634572e+02   8.2109844247780507e+02  -1.8113248760073038e+03   2.3989053238354836e+03  -1.7408719108083912e+03   5.3165024763384542e+02   1.8396208686184543e+05  -7.3875321147713880e+05   1.2662558137376551e+06  -1.2128411629980402e+06   7.1470253193895519e+05  -2.6922839365596231e+05   6.5401210486394375e+04  -1.0112679662726363e+04   9.7136060238128925e+02  -4.9218711852019020e+01   6.5309496114702394e+00   4.8654041953856266e+00   4.8886751981993193e+00   4.8878380368867376e+00   4.8872659690101194e+00   4.8868190714889721e+00   4.8864989015350835e+00   4.8863064122412307e+00   4.8862421841477044e+00   4.8863064122412307e+00   4.8864989015350835e+00   4.8868190714889721e+00   4.8872659690101194e+00   4.8878380368867376e+00   4.8886751981993193e+00   4.8654041953856266e+00   6.5309496114702394e+00  -4.9218711852019020e+01   9.7136060238128925e+02  -1.0112679662726363e+04   6.5401210486394375e+04  -2.6922839365596231e+05   7.1470253193895519e+05  -1.2128411629980402e+06   1.2662558137376551e+06  -7.3875321147713880e+05   1.8396208686184543e+05   5.3165024763384542e+02  -1.7408719108083912e+03   2.3989053238354836e+03  -1.8113248760073038e+03   8.2109844247780507e+02  -2.3046884147634572e+02   4.0198889445822481e+01  -4.1523563427036025e+00   3.1942098366600552e-01   4.5924843313757631e-02   4.5923525119219585e-02   3.7505112988795830e-02   2.9490269542823137e-02   2.1863131932917942e-02   1.4772206864295286e-02   8.4222378318940163e-03   3.1512226704232039e-03  -2.9074596933808192e-03  -7.4485748860737503e-03  -1.2586629591692586e-02  -1.7990357961579276e-02  -2.3451701953809995e-02  -3.5939088695987595e-02   1.1957002528172902e+00  -8.6929374408483426e+01   2.9827493170784205e+03  -5.6057247549034000e+04   6.2559995672226010e+05  -4.3814022285127714e+06   1.9959284859589692e+07  -6.0314996079249099e+07   1.2137954939562663e+08  -1.6027194950426763e+08   1.3298624981438316e+08  -6.2742896219420731e+07   1.2814417775966125e+07
   1.8141072460709207e+07  -9.1274199257637560e+07   1.9960142541898933e+08  -2.4940885691865814e+08   1.9701380190449941e+08  -1.0287080926359724e+08   3.6105034933186948e+07  -8.5063149454021566e+06   1.3237679705863709e+06  -1.3194227427942076e+05   8.0283599137576957e+03  -2.7803651520029996e+02   4.9114192152856031e+00  -6.9575928873899115e-02  -2.5298593702754359e-02  -2.0074771798139993e-02  -1.4762353654424550e-02  -9.6222119151265790e-03  -4.8889127700789238e-03  -1.0377091629897781e-03   1.0948092662091511e-03   5.4023624943864293e-03   1.1045969257092473e-02   1.7545663006261526e-02   2.4659903109429140e-02   3.2226772453404197e-02   4.0119869605639083e-02   4.8732962098870104e-02   3.1970723610761191e-02   6.9896207291580847e-01  -9.0266228573693059e+00   7.7556573201814189e+01  -4.0721605954537216e+02   1.3474504110648172e+03  -2.7941543404159324e+03   3.5102124120961462e+03  -2.4338072346537097e+03   7.1395514597495037e+02   2.5280124923153277e+05  -1.0495271225000676e+06   1.8686373704366991e+06  -1.8702095220142337e+06   1.1601008096849432e+06  -4.6431881108027865e+05   1.2126498212500545e+05  -2.0478458600443795e+04   2.1853746961559409e+03  -1.3490323280977495e+02   1.0005634744477293e+01   4.8614161423645568e+00   4.9542159972800652e+00   4.9527552948151223e+00   4.9521633821591688e+00   4.9516862243073776e+00   4.9513272080842485e+00   4.9510873100748922e+00   4.9509671935245070e+00   4.9509671935245070e+00   4.9510873100748922e+00   4.9513272080842485e+00   4.9516862243073776e+00   4.9521633821591688e+00   4.9527552948151223e+00   4.9542159972800652e+00   4.8614161423645568e+00   1.0005634744477293e+01  -1.3490323280977495e+02   2.1853746961559409e+03  -2.0478458600443795e+04   1.2126498212500545e+05  -4.6431881108027865e+05   1.1601008096849432e+06  -1.8702095220142337e+06   1.8686373704366991e+06  -1.0495271225000676e+06   2.5280124923153277e+05   7.1395514597495037e+02  -2.4338072346537097e+03   3.5102124120961462e+03  -2.7941543404159324e+03   1.3474504110648172e+03  -4.0721605954537216e+02   7.7556573201814189e+01  -9.0266228573693059e+00   6.9896207291580847e-01   3.1970723610761191e-02   4.8732962098870104e-02   4.0119869605639083e-02   3.2226772453404197e-02   2.4659903109429140e-02   1.7545663006261526e-02   1.1045969257092473e-02   5.4023624943864293e-03   1.0948092662091511e-03  -1.0377091629897781e-03  -4.8889127700789238e-03  -9.6222119151265790e-03  -1.4762353654424550e-02  -2.0074771798139993e-02  -2.5298593702754359e-02  -6.9575928873899115e-02   4.9114192152856031e+00  -2.7803651520029996e+02   8.0283599137576957e+03  -1.3194227427942076e+05   1.3237679705863709e+06  -8.5063149454021566e+06   3.6105034933186948e+07  -1.0287080926359724e+08   1.9701380190449941e+08  -2.4940885691865814e+08   1.9960142541898933e+08  -9.1274199257637560e+07   1.8141072460709207e+07
   2.5654660292593468e+07  -1.3254343159318174e+08   2.9877144366612923e+08  -3.8658969929117507e+08   3.1800101144543910e+08  -1.7410357042673400e+08   6.4623800306680612e+07  -1.6277364498731874e+07   2.7461401072130660e+06  -3.0219505121356627e+05   2.0803698723446469e+04  -8.4293133686187059e+02   1.8374178153063749e+01  -2.2322961604688121e-01  -2.6468765558069578e-02  -2.2059619525988838e-02  -1.6853674178182045e-02  -1.1753667435778091e-02  -6.9353444552111253e-03  -2.6998329632455034e-03   2.9140547579992408e-03   7.7911905688394434e-03   1.3675445387470595e-02   2.0260624990726488e-02   2.7363154060273967e-02   3.4851495390942462e-02   4.2604059884525806e-02   5.2243249456225035e-02  -9.9793664156773640e-03   1.5774554423754412e+00  -1.9033043402660727e+01   1.4702204574787808e+02  -7.1049477528554132e+02   2.1925669836420202e+03  -4.2868596667845886e+03   5.1204560107288917e+03  -3.3982509071730933e+03   9.5903558978044612e+02   3.4730951317267038e+05  -1.4890457086988117e+06   2.7502022280998467e+06  -2.8711935117609128e+06   1.8705781946351076e+06  -7.9310147418673255e+05   2.2180853690465077e+05  -4.0681533611866245e+04   4.7948801515226032e+03  -3.4319101771385169e+02   1.9758673497899533e+01   4.6850694355835003e+00   5.0211083193610939e+00   5.0168244742855128e+00   5.0162277558818946e+00   5.0157253584409336e+00   5.0153333005831904e+00   5.0150525438276192e+00   5.0148838008669063e+00   5.0148275047831703e+00   5.0148838008669063e+00   5.0150525438276192e+00   5.0153333005831904e+00   5.0157253584409336e+00   5.0162277558818946e+00   5.0168244742855128e+00   5.0211083193610939e+00   4.6850694355835003e+00   1.9758673497899533e+01  -3.4319101771385169e+02   4.7948801515226032e+03  -4.0681533611866245e+04   2.2180853690465077e+05  -7.9310147418673255e+05   1.8705781946351076e+06  -2.8711935117609128e+06   2.7502022280998467e+06  -1.4890457086988117e+06   3.4730951317267038e+05   9.5903558978044612e+02  -3.3982509071730933e+03   5.1204560107288917e+03  -4.2868596667845886e+03   2.1925669836420202e+03  -7.1049477528554132e+02   1.4702204574787808e+02  -1.9033043402660727e+01   1.5774554423754412e+00  -9.9793664156773640e-03   5.2243249456225035e-02   4.2604059884525806e-02   3.4851495390942462e-02   2.7363154060273967e-02   2.0260624990726488e-02   1.3675445387470595e-02   7.7911905688394434e-03   2.9140547579992408e-03  -2.6998329632455034e-03  -6.9353444552111253e-03  -1.1753667435778091e-02  -1.6853674178182045e-02  -2.2059619525988838e-02  -2.6468765558069578e-02  -2.2322961604688121e-01   1.8374178153063749e+01  -8.4293133686187059e+02   2.0803698723446469e+04  -3.0219505121356627e+05   2.7461401072130660e+06  -1.6277364498731874e+07   6.4623800306680612e+07  -1.7410357042673400e+08   3.1800101144543910e+08  -3.8658969929117507e+08   2.9877144366612923e+08  -1.3254343159318174e+08   2.5654660292593468e+07
   3.6243665062443636e+07  -1.9214738844685262e+08   4.4606297135223269e+08  -5.9699467119471693e+08   5.1060991895194805e+08  -2.9254575115226108e+08   1.1453801456801537e+08  -3.0735000142811459e+07   5.5945623098578136e+06  -6.7523826704225992e+05   5.2104513872622963e+04  -2.4371269388781734e+03   6.3999361756715949e+01  -8.8181415964182686e-01  -2.4164849575356123e-02  -2.3955122715748199e-02  -1.8857252439981154e-02  -1.3824253126759056e-02  -8.9852598420285985e-03  -4.5534196043039987e-03  -9.6409710265071358e-04   1.0144383845730920e-03   5.0061505876143079e-03   1.0240963465105082e-02   1.6279943753280530e-02   2.2904704616235561e-02   2.9970048527826268e-02   3.7367269245067752e-02   4.4931048831126585e-02   5.8134364018600525e-02  -1.2255706849030328e-01   3.5520348145026577e+00  -3.9128191360114172e+01   2.7423505942726808e+02  -1.2254544443329469e+03   3.5400427676159952e+03  -6.5440383310835441e+03   7.4480020091265424e+03  -4.7393469887416113e+03   1.2885828023804079e+03   4.7703044035255950e+05  -2.1099738694228865e+06   4.0375092272047610e+06  -4.3898341980844252e+06   2.9975771351298061e+06  -1.3426899968999336e+06   4.0067593829132651e+05  -7.9419052367597615e+04   1.0276956068371132e+04  -8.3331124530143256e+02   4.6120369500976672e+01   3.9633400220837482e+00   5.0960772036745015e+00   5.0800255547089410e+00   5.0794890274606121e+00   5.0789655749074498e+00   5.0785454873918283e+00   5.0782295560860771e+00   5.0780185186771591e+00   5.0779128741237294e+00   5.0779128741237294e+00   5.0780185186771591e+00   5.0782295560860771e+00   5.0785454873918283e+00   5.0789655749074498e+00   5.0794890274606121e+00   5.0800255547089410e+00   5.0960772036745015e+00   3.9633400220837482e+00   4.6120369500976672e+01  -8.3331124530143256e+02   1.0276956068371132e+04  -7.9419052367597615e+04   4.0067593829132651e+05  -1.3426899968999336e+06   2.9975771351298061e+06  -4.3898341980844252e+06   4.0375092272047610e+06  -2.1099738694228865e+06   4.7703044035255950e+05   1.2885828023804079e+03  -4.7393469887416113e+03   7.4480020091265424e+03  -6.5440383310835441e+03   3.5400427676159952e+03  -1.2254544443329469e+03   2.7423505942726808e+02  -3.9128191360114172e+01   3.5520348145026577e+00  -1.2255706849030328e-01   5.8134364018600525e-02   4.4931048831126585e-02   3.7367269245067752e-02   2.9970048527826268e-02   2.2904704616235561e-02   1.6279943753280530e-02   1.0240963465105082e-02   5.0061505876143079e-03   1.0144383845730920e-03  -9.6409710265071358e-04  -4.5534196043039987e-03  -8.9852598420285985e-03  -1.3824253126759056e-02  -1.8857252439981154e-02  -2.3955122715748199e-02  -2.4164849575356123e-02  -8.8181415964182686e-01   6.3999361756715949e+01  -2.4371269388781734e+03   5.2104513872622963e+04  -6.7523826704225992e+05   5.5945623098578136e+06  -3.0735000142811459e+07   1.1453801456801537e+08  -2.9254575115226108e+08   5.1060991895194805e+08  -5.9699467119471693e+08   4.4606297135223269e+08  -1.9214738844685262e+08   3.6243665062443636e+07
   5.1154289379469678e+07  -2.7810789293436193e+08   6.6434406904560745e+08  -9.1867514809289944e+08   8.1585651518225849e+08  -4.8825982567722827e+08   2.0115703999153888e+08  -5.7322537661789097e+07   1.1209560804466156e+07  -1.4752273551182097e+06   1.2655984716258006e+05  -6.7547063898749220e+03   2.0986004097249108e+02  -3.4934326438782080e+00  -4.2505942808582732e-03  -2.5817080882999124e-02  -2.0772980409719165e-02  -1.5824100835187527e-02  -1.1005404500991006e-02  -6.4774662735009791e-03  -2.5156597983746207e-03   2.7051184786961945e-03   7.2345094478471995e-03   1.2705801708127851e-02   1.8839754408554166e-02   2.5470561333367447e-02   3.2480111002859462e-02   3.9778804530865026e-02   4.6994716327566188e-02   7.1085443228299919e-02  -4.0688742816330808e-01   7.8709140284552630e+00  -7.8690644112238758e+01   5.0398289105500373e+02  -2.0914620691974696e+03   5.6746764023597498e+03  -9.9433619098213094e+03   1.0804817599382905e+04  -6.6025911757961476e+03   1.7318049233178772e+03   6.5504698965978995e+05  -2.9862926961795087e+06   5.9134149126011273e+06  -6.6859422787081711e+06   4.7759883075608714e+06  -2.2544488432971737e+06   7.1549285479172179e+05  -1.5259217402439396e+05   2.1556918994026706e+04  -1.9535801541433616e+03   1.1472038082806080e+02   1.6070361656028598e+00   5.2034072981381634e+00   5.1421416698883160e+00   5.1419763588795053e+00   5.1414345134272343e+00   5.1409907317576611e+00   5.1406445664245819e+00   5.1403967631940484e+00   5.1402478625712753e+00   5.1401981924027496e+00   5.1402478625712753e+00   5.1403967631940484e+00   5.1406445664245819e+00   5.1409907317576611e+00   5.1414345134272343e+00   5.1419763588795053e+00   5.1421416698883160e+00   5.2034072981381634e+00   1.6070361656028598e+00   1.1472038082806080e+02  -1.9535801541433616e+03   2.1556918994026706e+04  -1.5259217402439396e+05   7.1549285479172179e+05  -2.2544488432971737e+06   4.7759883075608714e+06  -6.6859422787081711e+06   5.9134149126011273e+06  -2.9862926961795087e+06   6.5504698965978995e+05   1.7318049233178772e+03  -6.6025911757961476e+03   1.0804817599382905e+04  -9.9433619098213094e+03   5.6746764023597498e+03  -2.0914620691974696e+03   5.0398289105500373e+02  -7.8690644112238758e+01   7.8709140284552630e+00  -4.0688742816330808e-01   7.1085443228299919e-02   4.6994716327566188e-02   3.9778804530865026e-02   3.2480111002859462e-02   2.5470561333367447e-02   1.8839754408554166e-02   1.2705801708127851e-02   7.2345094478471995e-03   2.7051184786961945e-03  -2.5156597983746207e-03  -6.4774662735009791e-03  -1.1005404500991006e-02  -1.5824100835187527e-02  -2.0772980409719165e-02  -2.5817080882999124e-02  -4.2505942808582732e-03  -3.4934326438782080e+00   2.0986004097249108e+02  -6.7547063898749220e+03   1.2655984716258006e+05  -1.4752273551182097e+06   1.1209560804466156e+07  -5.7322537661789097e+07   2.0115703999153888e+08  -4.8825982567722827e+08   8.1585651518225849e+08  -9.1867514809289944e+08   6.6434406904560745e+08  -2.7810789293436193e+08   5.1154289379469678e+07
   7.2133355213506907e+07  -4.0190971464818203e+08   9.8715076340287220e+08  -1.4089874336089046e+09   1.2975535250265806e+09  -8.0976871010433364e+08   3.5028003830064499e+08  -1.0569383051587442e+08   2.2118734761261694e+07  -3.1574395757872197e+06   2.9899335911145067e+05  -1.8025527706866269e+04   6.5279180040468896e+02  -1.3131391045748844e+01   9.7407560994678649e-02  -2.7983549389504821e-02  -2.2602216087043870e-02  -1.7748602348554379e-02  -1.2976992144462549e-02  -8.4139559858962230e-03  -4.2542455288822030e-03  -8.9877852095555455e-04   9.4343010098373373e-04   4.6558491715170342e-03   9.5280802700194438e-03   1.5156468313551748e-02   2.1342227606547460e-02   2.7954253874337424e-02   3.4894414212745563e-02   4.2095216792353132e-02   4.8438958069555865e-02   1.0354718161513399e-01  -1.0951106404480186e+00   1.7084817868489228e+01  -1.5518951110846064e+02   9.1365964477225623e+02  -3.5349704273077250e+03   9.0361711950251829e+03  -1.5043457349149941e+04   1.5635909758462241e+04  -9.1892061094752826e+03   2.3280384077649201e+03   8.9929135806680378e+05  -4.2218498570637014e+06   8.6417132523631342e+06  -1.0146369616920825e+07   7.5686875765047008e+06  -3.7564378257579622e+06   1.2641324501141638e+06  -2.8892793668679544e+05   4.4331473568408590e+04  -4.4480407780440401e+03   2.8703540349956512e+02  -5.4134972549350522e+00   5.4249996787642010e+00   5.2021246842083464e+00   5.2037222713597888e+00   5.2031584174509762e+00   5.2026947067621636e+00   5.2023226081589398e+00   5.2020428731751371e+00   5.2018560655601398e+00   5.2017625658847253e+00   5.2017625658847253e+00   5.2018560655601398e+00   5.2020428731751371e+00   5.2023226081589398e+00   5.2026947067621636e+00   5.2031584174509762e+00   5.2037222713597888e+00   5.2021246842083464e+00   5.4249996787642010e+00  -5.4134972549350522e+00   2.8703540349956512e+02  -4.4480407780440401e+03   4.4331473568408590e+04  -2.8892793668679544e+05   1.2641324501141638e+06  -3.7564378257579622e+06   7.5686875765047008e+06  -1.0146369616920825e+07   8.6417132523631342e+06  -4.2218498570637014e+06   8.9929135806680378e+05   2.3280384077649201e+03  -9.1892061094752826e+03   1.5635909758462241e+04  -1.5043457349149941e+04   9.0361711950251829e+03  -3.5349704273077250e+03   9.1365964477225623e+02  -1.5518951110846064e+02   1.7084817868489228e+01  -1.0951106404480186e+00   1.0354718161513399e-01   4.8438958069555865e-02   4.2095216792353132e-02   3.4894414212745563e-02   2.7954253874337424e-02   2.1342227606547460e-02   1.5156468313551748e-02   9.5280802700194438e-03   4.6558491715170342e-03   9.4343010098373373e-04  -8.9877852095555455e-04  -4.2542455288822030e-03  -8.4139559858962230e-03  -1.2976992144462549e-02  -1.7748602348554379e-02  -2.2602216087043870e-02  -2.7983549389504821e-02   9.7407560994678649e-02  -1.3131391045748844e+01   6.5279180040468896e+02  -1.8025527706866269e+04   2.9899335911145067e+05  -3.1574395757872197e+06   2.2118734761261694e+07  -1.0569383051587442e+08   3.5028003830064499e+08  -8.0976871010433364e+08   1.2975535250265806e+09  -1.4089874336089046e+09   9.8715076340287220e+08  -4.0190971464818203e+08   7.2133355213506907e+07
   1.0162790041484924e+08  -5.7997792438974166e+08   1.4635824280971508e+09  -2.1541786342319221e+09   2.0546435656347744e+09  -1.3350238811113710e+09   6.0510435091345048e+08  -1.9282084279720649e+08   4.3031502540897988e+07  -6.6316799818021152e+06   6.8875120466095093e+05  -4.6489629410843831e+04   1.9377798787233073e+03  -4.6499860545507651e+01   5.4641769842924803e-01  -3.2345540980277213e-02  -2.4343219214942691e-02  -1.9596382481991435e-02  -1.4889495660440628e-02  -1.0330853869219994e-02  -6.0671019542763672e-03  -2.3514138354558726e-03   2.5199381963514171e-03   6.7405897159759330e-03   1.1843927236607739e-02   1.7573788742146504e-02   2.3779423817417124e-02   3.0354159436451224e-02   3.7214942376043218e-02   4.4340277836478370e-02   4.8168082458487090e-02   1.8730965752090772e-01  -2.7047763907559412e+00   3.6300653885322362e+01  -3.0070175364664976e+02   1.6356865454574906e+03  -5.9214670228334508e+03   1.4300403549028446e+04  -2.2668379757276125e+04   2.2575144493668366e+04  -1.2777341202528241e+04   3.1302685842664441e+03   1.2343386582553692e+06  -5.9623132537257867e+06   1.2602408723125270e+07  -1.5345730085929269e+07   1.1934181637380827e+07  -6.2145711236763000e+06   2.2115306658393205e+06  -5.3975656087187852e+05   8.9524853023113334e+04  -9.8722327085575598e+03   7.0613928581312223e+02  -2.5171989940940197e+01   6.0207159108797432e+00   5.2557007473162454e+00   5.2647836505831229e+00   5.2641621437196431e+00   5.2636818535377676e+00   5.2632875710762104e+00   5.2629801371534839e+00   5.2627601250614902e+00   5.2626279500605806e+00   5.2625838636504341e+00   5.2626279500605806e+00   5.2627601250614902e+00   5.2629801371534839e+00   5.2632875710762104e+00   5.2636818535377676e+00   5.2641621437196431e+00   5.2647836505831229e+00   5.2557007473162454e+00   6.0207159108797432e+00  -2.5171989940940197e+01   7.0613928581312223e+02  -9.8722327085575598e+03   8.9524853023113334e+04  -5.3975656087187852e+05   2.2115306658393205e+06  -6.2145711236763000e+06   1.1934181637380827e+07  -1.5345730085929269e+07   1.2602408723125270e+07  -5.9623132537257867e+06   1.2343386582553692e+06   3.1302685842664441e+03  -1.2777341202528241e+04   2.2575144493668366e+04  -2.2668379757276125e+04   1.4300403549028446e+04  -5.9214670228334508e+03   1.6356865454574906e+03  -3.0070175364664976e+02   3.6300653885322362e+01  -2.7047763907559412e+00   1.8730965752090772e-01   4.8168082458487090e-02   4.4340277836478370e-02   3.7214942376043218e-02   3.0354159436451224e-02   2.3779423817417124e-02   1.7573788742146504e-02   1.1843927236607739e-02   6.7405897159759330e-03   2.5199381963514171e-03  -2.3514138354558726e-03  -6.0671019542763672e-03  -1.0330853869219994e-02  -1.4889495660440628e-02  -1.9596382481991435e-02  -2.4343219214942691e-02  -3.2345540980277213e-02   5.4641769842924803e-01  -4.6499860545507651e+01   1.9377798787233073e+03  -4.6489629410843831e+04   6.8875120466095093e+05  -6.6316799818021152e+06   4.3031502540897988e+07  -1.9282084279720649e+08   6.0510435091345048e+08  -1.3350238811113710e+09   2.0546435656347744e+09  -2.1541786342319221e+09   1.4635824280971508e+09  -5.7997792438974166e+08   1.0162790041484924e+08
   1.4306383006244400e+08  -8.3577894719073832e+08   2.1654108305013514e+09  -3.2836414336626625e+09   3.2400440507744737e+09  -2.1886978925739460e+09   1.0375221422377548e+09  -3.4829811076515210e+08   8.2626101011995554e+07  -1.3689111889992157e+07   1.5504166157986186e+06  -1.1625618351980216e+05   5.5165265690687211e+03  -1.5568028970865487e+02   2.3597019546591356e+00  -4.8416432724299276e-02  -2.5964323321497687e-02  -2.1368107175110999e-02  -1.6737395843595761e-02  -1.2209526836707601e-02  -7.8994900433278989e-03  -3.9861764761975086e-03  -8.4050428529937283e-04   8.8032730489065621e-04   4.3443817797098449e-03   8.8933874600765420e-03   1.4154301197792183e-02   1.9945093156712085e-02   2.6146626341911294e-02   3.2670245708755367e-02   3.9443786818836014e-02   4.6587461666876384e-02   4.3009257419883075e-02   4.0059584382777419e-01  -6.3598930899280059e+00   7.5555399566055527e+01  -5.7336230004004221e+02   2.8945773038108946e+03  -9.8371661353463733e+03   2.2502011020763428e+04  -3.4030650837101704e+04   3.2524168774358033e+04  -1.7751292859207515e+04   4.2098764892213185e+03   1.6938628631710906e+06  -8.4118734501940832e+06   1.8342155624510318e+07  -2.3135568752705563e+07   1.8729057058282562e+07  -1.0212943172924656e+07   3.8336226780245565e+06  -9.9586819254232559e+05   1.7779230137800847e+05  -2.1415304047657490e+04   1.6960791400235030e+03  -7.8379985058789273e+01   7.7717916121167612e+00   5.2869961670624805e+00   5.3253382547565034e+00   5.3244688023928202e+00   5.3239754413629461e+00   5.3235622478877795e+00   5.3232308266218542e+00   5.3229817496111593e+00   5.3228154530042371e+00   5.3227322307339042e+00   5.3227322307339042e+00   5.3228154530042371e+00   5.3229817496111593e+00   5.3232308266218542e+00   5.3235622478877795e+00   5.3239754413629461e+00   5.3244688023928202e+00   5.3253382547565034e+00   5.2869961670624805e+00   7.7717916121167612e+00  -7.8379985058789273e+01   1.6960791400235030e+03  -2.1415304047657490e+04   1.7779230137800847e+05  -9.9586819254232559e+05   3.8336226780245565e+06  -1.0212943172924656e+07   1.8729057058282562e+07  -2.3135568752705563e+07   1.8342155624510318e+07  -8.4118734501940832e+06   1.6938628631710906e+06   4.2098764892213185e+03  -1.7751292859207515e+04   3.2524168774358033e+04  -3.4030650837101704e+04   2.2502011020763428e+04  -9.8371661353463733e+03   2.8945773038108946e+03  -5.7336230004004221e+02   7.5555399566055527e+01  -6.3598930899280059e+00   4.0059584382777419e-01   4.3009257419883075e-02   4.6587461666876384e-02   3.9443786818836014e-02   3.2670245708755367e-02   2.6146626341911294e-02   1.9945093156712085e-02   1.4154301197792183e-02   8.8933874600765420e-03   4.3443817797098449e-03   8.8032730489065621e-04  -8.4050428529937283e-04  -3.9861764761975086e-03  -7.8994900433278989e-03  -1.2209526836707601e-02  -1.6737395843595761e-02  -2.1368107175110999e-02  -2.5964323321497687e-02  -4.8416432724299276e-02   2.3597019546591356e+00  -1.5568028970865487e+02   5.5165265690687211e+03  -1.1625618351980216e+05   1.5504166157986186e+06  -1.3689111889992157e+07   8.2626101011995554e+07  -3.4829811076515210e+08   1.0375221422377548e+09  -2.1886978925739460e+09   3.2400440507744737e+09  -3.2836414336626625e+09   2.1654108305013514e+09  -8.3577894719073832e+08   1.4306383006244400e+08
   2.0123475190367106e+08  -1.2028061756969097e+09   3.1973907635003033e+09  -4.9910726407883301e+09   5.0893670767004833e+09  -3.5693502557074523e+09   1.7665024434224868e+09  -6.2333715463134825e+08   1.5673100122099781e+08  -2.7807805582521096e+07   3.4170577525053713e+06  -2.8267334295641724e+05   1.5124328977981453e+04  -4.9540999533509898e+02   9.1733119171994364e+00  -1.1961059774472105e-01  -2.7244535663866750e-02  -2.3066040374777060e-02  -1.8518315286461775e-02  -1.4039069466953928e-02  -9.7206583042629378e-03  -5.6977473482297258e-03  -2.2042177833943386e-03   2.3549079967695721e-03   6.3000330280157885e-03   1.1074027452389199e-02   1.6440675132053884e-02   2.2262097288650681e-02   2.8441358186283933e-02   3.4903579039822219e-02   4.1581148995022216e-02   4.9070424015602687e-02   2.4216164673167114e-02   9.2961201146867600e-01  -1.4444530275113086e+01   1.5424540060256453e+02  -1.0772758468285667e+03   5.0677862283705608e+03  -1.6216868025669108e+04   3.5218742508554635e+04  -5.0910136635194831e+04   4.6763887110902084e+04  -2.4641765483120726e+04   5.6630398923506882e+03   2.3239991540552271e+06  -1.1856569190088613e+07   2.6646308034491781e+07  -3.4775075346242294e+07   2.9262716171500020e+07  -1.6679445945812214e+07   6.5889207196085453e+06  -1.8163410098184955e+06   3.4768440429121000e+05  -4.5499992289168600e+04   3.9729727188197671e+03  -2.1638894589100713e+02   1.2917437345745256e+01   5.2411178205749431e+00   5.3860878645002037e+00   5.3840973005097261e+00   5.3835976325068744e+00   5.3831683826970949e+00   5.3828162331547187e+00   5.3825417400421749e+00   5.3823453499119207e+00   5.3822273855951082e+00   5.3821880423697621e+00   5.3822273855951082e+00   5.3823453499119207e+00   5.3825417400421749e+00   5.3828162331547187e+00   5.3831683826970949e+00   5.3835976325068744e+00   5.3840973005097261e+00   5.3860878645002037e+00   5.2411178205749431e+00   1.2917437345745256e+01  -2.1638894589100713e+02   3.9729727188197671e+03  -4.5499992289168600e+04   3.4768440429121000e+05  -1.8163410098184955e+06   6.5889207196085453e+06  -1.6679445945812214e+07   2.9262716171500020e+07  -3.4775075346242294e+07   2.6646308034491781e+07  -1.1856569190088613e+07   2.3239991540552271e+06   5.6630398923506882e+03  -2.4641765483120726e+04   4.6763887110902084e+04  -5.0910136635194831e+04   3.5218742508554635e+04  -1.6216868025669108e+04   5.0677862283705608e+03  -1.0772758468285667e+03   1.5424540060256453e+02  -1.4444530275113086e+01   9.2961201146867600e-01   2.4216164673167114e-02   4.9070424015602687e-02   4.1581148995022216e-02   3.4903579039822219e-02   2.8441358186283933e-02   2.2262097288650681e-02   1.6440675132053884e-02   1.1074027452389199e-02   6.3000330280157885e-03   2.3549079967695721e-03  -2.2042177833943386e-03  -5.6977473482297258e-03  -9.7206583042629378e-03  -1.4039069466953928e-02  -1.8518315286461775e-02  -2.3066040374777060e-02  -2.7244535663866750e-02  -1.1961059774472105e-01   9.1733119171994364e+00  -4.9540999533509898e+02   1.5124328977981453e+04  -2.8267334295641724e+05   3.4170577525053713e+06  -2.7807805582521096e+07   1.5673100122099781e+08  -6.2333715463134825e+08   1.7665024434224868e+09  -3.5693502557074523e+09   5.0893670767004833e+09  -4.9910726407883301e+09   3.1973907635003033e+09  -1.2028061756969097e+09   2.0123475190367106e+08
   2.8284431939051425e+08  -1.7288192034297595e+09   4.7121958829711485e+09  -7.5658235116205549e+09   7.9645802906994820e+09  -5.7919585830115919e+09   2.9878644222151003e+09  -1.1059226956857955e+09   2.9394136591813195e+08  -5.5655873788096152e+07   7.3859748848808231e+06  -6.6991979226387863e+05   4.0076883052134806e+04  -1.5060947330447602e+03   3.3230166245986538e+01  -4.2782804998583690e-01  -2.6925145423368650e-02  -2.4696159540780544e-02  -2.0231878888209508e-02  -1.5813324656071000e-02  -1.1512294845578331e-02  -7.4344537207854267e-03  -3.7449102100722016e-03  -7.8825667773251690e-04   8.2395168875225733e-04   4.0660071365608008e-03   8.3255137580692928e-03   1.3256211364025819e-02   1.8690522663536352e-02   2.4519555918082785e-02   3.0662711611583293e-02   3.7056029394463091e-02   4.3618738578808866e-02   5.2511088180086610e-02  -3.1320195198315609e-02   2.2046125852292757e+00  -3.1908197742469760e+01   3.0928023278623687e+02  -1.9968189091855334e+03   8.7849500680622441e+03  -2.6543193936091669e+04   5.4847888637254255e+04  -7.5913648424689702e+04   6.7111773732149712e+04  -3.4181326722143545e+04   7.6193659905983695e+03   3.1879466797361695e+06  -1.6696845893063368e+07   3.8641734817942455e+07  -5.2122373438302971e+07   4.5530481372600242e+07  -2.7081474207662366e+07   1.1234498238040084e+07  -3.2774728091622270e+06   6.7029398221249215e+05  -9.4851547187580320e+04   9.0844473319145709e+03  -5.6267488735228278e+02   2.7608904489792380e+01   4.9393887989395386e+00   5.4498075711823954e+00   5.4430493743920749e+00   5.4425695820715987e+00   5.4421267201753754e+00   5.4417567079308844e+00   5.4414600191791926e+00   5.4412371030219600e+00   5.4410883006719919e+00   5.4410138417606708e+00   5.4410138417606708e+00   5.4410883006719919e+00   5.4412371030219600e+00   5.4414600191791926e+00   5.4417567079308844e+00   5.4421267201753754e+00   5.4425695820715987e+00   5.4430493743920749e+00   5.4498075711823954e+00   4.9393887989395386e+00   2.7608904489792380e+01  -5.6267488735228278e+02   9.0844473319145709e+03  -9.4851547187580320e+04   6.7029398221249215e+05  -3.2774728091622270e+06   1.1234498238040084e+07  -2.7081474207662366e+07   4.5530481372600242e+07  -5.2122373438302971e+07   3.8641734817942455e+07  -1.6696845893063368e+07   3.1879466797361695e+06   7.6193659905983695e+03  -3.4181326722143545e+04   6.7111773732149712e+04  -7.5913648424689702e+04   5.4847888637254255e+04  -2.6543193936091669e+04   8.7849500680622441e+03  -1.9968189091855334e+03   3.0928023278623687e+02  -3.1908197742469760e+01   2.2046125852292757e+00  -3.1320195198315609e-02   5.2511088180086610e-02   4.3618738578808866e-02   3.7056029394463091e-02   3.0662711611583293e-02   2.4519555918082785e-02   1.8690522663536352e-02   1.3256211364025819e-02   8.3255137580692928e-03   4.0660071365608008e-03   8.2395168875225733e-04  -7.8825667773251690e-04  -3.7449102100722016e-03  -7.4344537207854267e-03  -1.1512294845578331e-02  -1.5813324656071000e-02  -2.0231878888209508e-02  -2.4696159540780544e-02  -2.6925145423368650e-02  -4.2782804998583690e-01   3.3230166245986538e+01  -1.5060947330447602e+03   4.0076883052134806e+04  -6.6991979226387863e+05   7.3859748848808231e+06  -5.5655873788096152e+07   2.9394136591813195e+08  -1.1059226956857955e+09   2.9878644222151003e+09  -5.7919585830115919e+09   7.9645802906994820e+09  -7.5658235116205549e+09   4.7121958829711485e+09  -1.7288192034297595e+09   2.8284431939051425e+08
   3.9726235476090223e+08  -2.4818584754439487e+09   6.9320291856055126e+09  -1.1439272232070278e+10   1.2420224130849060e+10  -9.3542898814565582e+09   5.0222899584702616e+09  -1.9462021780879076e+09   5.4545658583064282e+08  -1.0986686940467757e+08   1.5680674264266703e+07  -1.5508120070329979e+06   1.0295957021055977e+05  -4.3938761628980656e+03   1.1361978081819581e+02  -1.6803568358026690e+00  -1.8645625680893150e-02  -2.6285652908304973e-02  -2.1878966460501716e-02  -1.7529165097563287e-02  -1.3263319020980926e-02  -9.1668425175412925e-03  -5.3639746236237547e-03  -2.0717042260979942e-03   2.2070943641081301e-03   5.9051608209975256e-03   1.0383113328468202e-02   1.5422119449041059e-02   2.0895397606702403e-02   2.6714367715869772e-02   3.2810879459176739e-02   3.9130276885487925e-02   4.5517584083329225e-02   5.9046099465128753e-02  -1.8241102454991603e-01   5.1933955567168235e+00  -6.8827972059527255e+01   6.0990893933069071e+02  -3.6552195566000037e+03   1.5088769359477894e+04  -4.3155758154763796e+04   8.5019658122676599e+04  -1.1285106554209726e+05   9.6143668217470084e+04  -4.7380767099334087e+04   1.0253535161058931e+04   4.3722686478193244e+06  -2.3492979815750789e+07   5.5943393237720422e+07  -7.7914005400502935e+07   7.0563896467603460e+07  -4.3729737696647346e+07   1.9012983566960610e+07  -5.8552538689397378e+06   1.2752790603919721e+06  -1.9430610756592269e+05   2.0307713624387445e+04  -1.4060258986269123e+03   6.8113960557659524e+01   3.8302305813242676e+00   5.5268825456886326e+00   5.5012492179257215e+00   5.5009117681411670e+00   5.5004570541786482e+00   5.5000717024830932e+00   5.4997556641255239e+00   5.4995093853969568e+00   5.4993332177682737e+00   5.4992274149489138e+00   5.4991921302473656e+00   5.4992274149489138e+00   5.4993332177682737e+00   5.4995093853969568e+00   5.4997556641255239e+00   5.5000717024830932e+00   5.5004570541786482e+00   5.5009117681411670e+00   5.5012492179257215e+00   5.5268825456886326e+00   3.8302305813242676e+00   6.8113960557659524e+01  -1.4060258986269123e+03   2.0307713624387445e+04  -1.9430610756592269e+05   1.2752790603919721e+06  -5.8552538689397378e+06   1.9012983566960610e+07  -4.3729737696647346e+07   7.0563896467603460e+07  -7.7914005400502935e+07   5.5943393237720422e+07  -2.3492979815750789e+07   4.3722686478193244e+06   1.0253535161058931e+04  -4.7380767099334087e+04   9.6143668217470084e+04  -1.1285106554209726e+05   8.5019658122676599e+04  -4.3155758154763796e+04   1.5088769359477894e+04  -3.6552195566000037e+03   6.0990893933069071e+02  -6.8827972059527255e+01   5.1933955567168235e+00  -1.8241102454991603e-01   5.9046099465128753e-02   4.5517584083329225e-02   3.9130276885487925e-02   3.2810879459176739e-02   2.6714367715869772e-02   2.0895397606702403e-02   1.5422119449041059e-02   1.0383113328468202e-02   5.9051608209975256e-03   2.2070943641081301e-03  -2.0717042260979942e-03  -5.3639746236237547e-03  -9.1668425175412925e-03  -1.3263319020980926e-02  -1.7529165097563287e-02  -2.1878966460501716e-02  -2.6285652908304973e-02  -1.8645625680893150e-02  -1.6803568358026690e+00   1.1361978081819581e+02  -4.3938761628980656e+03   1.0295957021055977e+05  -1.5508120070329979e+06   1.5680674264266703e+07  -1.0986686940467757e+08   5.4545658583064282e+08  -1.9462021780879076e+09   5.0222899584702616e+09  -9.3542898814565582e+09   1.2420224130849060e+10  -1.1439272232070278e+10   6.9320291856055126e+09  -2.4818584754439487e+09   3.9726235476090223e+08
   5.5757857445084703e+08  -3.5587726437275043e+09   1.0179855642017040e+10  -1.7253304981325893e+10   1.9303610898705517e+10  -1.5040155364405161e+10   8.3924278156130714e+09  -3.3987826982588620e+09   1.0021845653804269e+09  -2.1411420980099785e+08   3.2741693901876967e+07  -3.5132784575603665e+06   2.5713895565079784e+05  -1.2349475175728674e+04   3.6937939903242102e+02  -6.4525844551355540e+00   2.6817084451929388e-02  -2.7988940350108682e-02  -2.3461008350378197e-02  -1.9185438393362935e-02  -1.4967141572616340e-02  -1.0877032814552344e-02  -7.0125934107581767e-03  -3.5268717699249367e-03  -7.4119918056567992e-04   7.7334128340827599e-04   3.8160254731536857e-03   7.8151044520722510e-03   1.2447924667345185e-02   1.7559477562852411e-02   2.3049710441663162e-02   2.8844960397771548e-02   3.4886816838355164e-02   4.1130676042737915e-02   4.7136759383741254e-02   7.4730126927623444e-02  -5.7379358996491170e-01   1.2020486180899711e+01  -1.4535805215725557e+02   1.1843741922625416e+03  -6.6137929842350422e+03   2.5694339374126135e+04  -6.9729076063872446e+04   1.3121375591303987e+05  -1.6727941608366725e+05   1.3750622037307257e+05  -6.5634212473360953e+04   1.3801007773735493e+04   5.9955147570449477e+06  -3.3028422223524358e+07   8.0863089593177602e+07  -1.1617264635926621e+08   1.0895591810317433e+08  -7.0248307047286019e+07   3.1952608575499091e+07  -1.0363461882563651e+07   2.3966825657667737e+06  -3.9166924011592270e+05   4.4454269365118569e+04  -3.4050813025892539e+03   1.7600894399890930e+02   2.8908632030511178e-01   5.6538773840708334e+00   5.5582879170494044e+00   5.5586456257891310e+00   5.5581782723390685e+00   5.5577798097916942e+00   5.5574469400780924e+00   5.5571801073579481e+00   5.5569796671276199e+00   5.5568458890822523e+00   5.5567789545105466e+00   5.5567789545105466e+00   5.5568458890822523e+00   5.5569796671276199e+00   5.5571801073579481e+00   5.5574469400780924e+00   5.5577798097916942e+00   5.5581782723390685e+00   5.5586456257891310e+00   5.5582879170494044e+00   5.6538773840708334e+00   2.8908632030511178e-01   1.7600894399890930e+02  -3.4050813025892539e+03   4.4454269365118569e+04  -3.9166924011592270e+05   2.3966825657667737e+06  -1.0363461882563651e+07   3.1952608575499091e+07  -7.0248307047286019e+07   1.0895591810317433e+08  -1.1617264635926621e+08   8.0863089593177602e+07  -3.3028422223524358e+07   5.9955147570449477e+06   1.3801007773735493e+04  -6.5634212473360953e+04   1.3750622037307257e+05  -1.6727941608366725e+05   1.3121375591303987e+05  -6.9729076063872446e+04   2.5694339374126135e+04  -6.6137929842350422e+03   1.1843741922625416e+03  -1.4535805215725557e+02   1.2020486180899711e+01  -5.7379358996491170e-01   7.4730126927623444e-02   4.7136759383741254e-02   4.1130676042737915e-02   3.4886816838355164e-02   2.8844960397771548e-02   2.3049710441663162e-02   1.7559477562852411e-02   1.2447924667345185e-02   7.8151044520722510e-03   3.8160254731536857e-03   7.7334128340827599e-04  -7.4119918056567992e-04  -3.5268717699249367e-03  -7.0125934107581767e-03  -1.0877032814552344e-02  -1.4967141572616340e-02  -1.9185438393362935e-02  -2.3461008350378197e-02  -2.7988940350108682e-02   2.6817084451929388e-02  -6.4525844551355540e+00   3.6937939903242102e+02  -1.2349475175728674e+04   2.5713895565079784e+05  -3.5132784575603665e+06   3.2741693901876967e+07  -2.1411420980099785e+08   1.0021845653804269e+09  -3.3987826982588620e+09   8.3924278156130714e+09  -1.5040155364405161e+10   1.9303610898705517e+10  -1.7253304981325893e+10   1.0179855642017040e+10  -3.5587726437275043e+09   5.5757857445084703e+08
   7.8207045019056332e+08  -5.0972997677943935e+09   1.4924492188544670e+10  -2.5961287766887081e+10   2.9906115438216309e+10  -2.4079572337458858e+10   1.3946228560396204e+10  -5.8928258849152670e+09   1.8242749732504833e+09  -4.1230432825137705e+08   6.7318368052284822e+07  -7.8020352950661713e+06   6.2578530808968097e+05  -3.3552836416108759e+04   1.1479605218418535e+03  -2.3592619747988458e+01   2.3320968534007955e-01  -3.0651582551465825e-02  -2.4977873250785695e-02  -2.0782292678048202e-02  -1.6620078289685866e-02  -1.2553915255802491e-02  -8.6625957501615270e-03  -5.0612284530143475e-03  -1.9519100864358056e-03   2.0740894899214973e-03   5.5496482089869102e-03   9.7604272194784566e-03   1.4502860277755821e-02   1.9659808389864097e-02   2.5149911417722784e-02   3.0910858176255617e-02   3.6891969392720263e-02   4.3067049259611204e-02   4.8015985486032926e-02   1.1604026609310807e-01  -1.5510742672494646e+00   2.7247356923259684e+01  -3.0115324854185860e+02   2.2673303251645589e+03  -1.1838791269378544e+04   4.3404963356447166e+04  -1.1200859618605112e+05   2.0167681305160647e+05  -2.4728872878344412e+05   1.9635667505004432e+05  -9.0863774352788183e+04   1.8579214156885177e+04   8.2200208301947378e+06  -4.6398093316784710e+07   1.1670654392418998e+08  -1.7280100086426121e+08   1.6764656000538710e+08  -1.1229952362512690e+08   5.3346511688680865e+07  -1.8183470825664837e+07   4.4529338230393156e+06  -7.7778536432697426e+05   9.5440808662277268e+04  -8.0279194683921150e+03   4.5431915988138962e+02  -1.0271960569535192e+01   5.9524277346647052e+00   5.6124250429655369e+00   5.6158017293354376e+00   5.6153083762312743e+00   5.6148988050886066e+00   5.6145513348517717e+00   5.6142664446147617e+00   5.6140444891298857e+00   5.6138857477364441e+00   5.6137904218185364e+00   5.6137586329608524e+00   5.6137904218185364e+00   5.6138857477364441e+00   5.6140444891298857e+00   5.6142664446147617e+00   5.6145513348517717e+00   5.6148988050886066e+00   5.6153083762312743e+00   5.6158017293354376e+00   5.6124250429655369e+00   5.9524277346647052e+00  -1.0271960569535192e+01   4.5431915988138962e+02  -8.0279194683921150e+03   9.5440808662277268e+04  -7.7778536432697426e+05   4.4529338230393156e+06  -1.8183470825664837e+07   5.3346511688680865e+07  -1.1229952362512690e+08   1.6764656000538710e+08  -1.7280100086426121e+08   1.1670654392418998e+08  -4.6398093316784710e+07   8.2200208301947378e+06   1.8579214156885177e+04  -9.0863774352788183e+04   1.9635667505004432e+05  -2.4728872878344412e+05   2.0167681305160647e+05  -1.1200859618605112e+05   4.3404963356447166e+04  -1.1838791269378544e+04   2.2673303251645589e+03  -3.0115324854185860e+02   2.7247356923259684e+01  -1.5510742672494646e+00   1.1604026609310807e-01   4.8015985486032926e-02   4.3067049259611204e-02   3.6891969392720263e-02   3.0910858176255617e-02   2.5149911417722784e-02   1.9659808389864097e-02   1.4502860277755821e-02   9.7604272194784566e-03   5.5496482089869102e-03   2.0740894899214973e-03  -1.9519100864358056e-03  -5.0612284530143475e-03  -8.6625957501615270e-03  -1.2553915255802491e-02  -1.6620078289685866e-02  -2.0782292678048202e-02  -2.4977873250785695e-02  -3.0651582551465825e-02   2.3320968534007955e-01  -2.3592619747988458e+01   1.1479605218418535e+03  -3.3552836416108759e+04   6.2578530808968097e+05  -7.8020352950661713e+06   6.7318368052284822e+07  -4.1230432825137705e+08   1.8242749732504833e+09  -5.8928258849152670e+09   1.3946228560396204e+10  -2.4079572337458858e+10   2.9906115438216309e+10  -2.5961287766887081e+10   1.4924492188544670e+10  -5.0972997677943935e+09   7.8207045019056332e+08
   1.0962471612217827e+09  -7.2931717191084995e+09   2.1845635060405796e+10  -3.8976720136618690e+10   4.6191133582005562e+10  -3.8396497613977615e+10   2.3053490242501671e+10  -1.0147634736465538e+10   3.2917810601682673e+09  -7.8508914250118852e+08   1.3643486656951872e+08  -1.7009434800542496e+07   1.4871152534907735e+06  -8.8384593188544881e+04   3.4255291127127775e+03  -8.1966055707750456e+01   1.0884236935929956e+00  -3.8520693708057614e-02  -2.6415656735220595e-02  -2.2320748764760666e-02  -1.8220370630550504e-02  -1.4190623665695404e-02  -1.0296600586751980e-02  -6.6286079568832297e-03  -3.3290706543056257e-03  -6.9863862134909437e-04   7.2770386623029453e-04   3.5905577745503391e-03   7.3544064499100528e-03   1.1717541866375409e-02   1.6535968450306332e-02   2.1717315376276702e-02   2.7193926210369951e-02   3.2912372455660477e-02   3.8827949369150419e-02   4.4968364337259766e-02   4.6743660398070264e-02   2.2619537537468803e-01  -3.9172179350850964e+00   6.0471184243241581e+01  -6.1307193794095190e+02   4.2833848537302329e+03  -2.0979978529497639e+04   7.2775559798237678e+04  -1.7894035980322567e+05   3.0878431672007102e+05  -3.6463545879854530e+05   2.7998141387952166e+05  -1.2571855518887176e+05   2.5016144864898099e+04   1.1268054787359120e+07  -6.5131399554850735e+07   1.6819574555505463e+08  -2.5644567915592155e+08   2.5709565916514969e+08  -1.7869856735083860e+08   8.8515149646446079e+07  -3.1644474684481114e+07   8.1854393107247604e+06  -1.5232407012900352e+06   2.0125481899575406e+05  -1.8478784839047174e+04   1.1512748275698327e+03  -4.0329239277267540e+01   6.8069831248996238e+00   5.6569510301978383e+00   5.6724577263638647e+00   5.6718643539258213e+00   5.6714456861180977e+00   5.6710855934916138e+00   5.6707848673452919e+00   5.6705438577575151e+00   5.6703628487718172e+00   5.6702420555828121e+00   5.6701816227014907e+00   5.6701816227014907e+00   5.6702420555828121e+00   5.6703628487718172e+00   5.6705438577575151e+00   5.6707848673452919e+00   5.6710855934916138e+00   5.6714456861180977e+00   5.6718643539258213e+00   5.6724577263638647e+00   5.6569510301978383e+00   6.8069831248996238e+00  -4.0329239277267540e+01   1.1512748275698327e+03  -1.8478784839047174e+04   2.0125481899575406e+05  -1.5232407012900352e+06   8.1854393107247604e+06  -3.1644474684481114e+07   8.8515149646446079e+07  -1.7869856735083860e+08   2.5709565916514969e+08  -2.5644567915592155e+08   1.6819574555505463e+08  -6.5131399554850735e+07   1.1268054787359120e+07   2.5016144864898099e+04  -1.2571855518887176e+05   2.7998141387952166e+05  -3.6463545879854530e+05   3.0878431672007102e+05  -1.7894035980322567e+05   7.2775559798237678e+04  -2.0979978529497639e+04   4.2833848537302329e+03  -6.1307193794095190e+02   6.0471184243241581e+01  -3.9172179350850964e+00   2.2619537537468803e-01   4.6743660398070264e-02   4.4968364337259766e-02   3.8827949369150419e-02   3.2912372455660477e-02   2.7193926210369951e-02   2.1717315376276702e-02   1.6535968450306332e-02   1.1717541866375409e-02   7.3544064499100528e-03   3.5905577745503391e-03   7.2770386623029453e-04  -6.9863862134909437e-04  -3.3290706543056257e-03  -6.6286079568832297e-03  -1.0296600586751980e-02  -1.4190623665695404e-02  -1.8220370630550504e-02  -2.2320748764760666e-02  -2.6415656735220595e-02  -3.8520693708057614e-02   1.0884236935929956e+00  -8.1966055707750456e+01   3.4255291127127775e+03  -8.8384593188544881e+04   1.4871152534907735e+06  -1.7009434800542496e+07   1.3643486656951872e+08  -7.8508914250118852e+08   3.2917810601682673e+09  -1.0147634736465538e+10   2.3053490242501671e+10  -3.8396497613977615e+10   4.6191133582005562e+10  -3.8976720136618690e+10   2.1845635060405796e+10  -7.2931717191084995e+09   1.0962471612217827e+09
   1.5356946465034721e+09  -1.0424314315663574e+10   3.1927545199773464e+10  -5.8391770504774651e+10   7.1136874393294739e+10  -6.0990983168172455e+10   3.7917954195490555e+10  -1.7362362111916615e+10   5.8910317827584114e+09  -1.4792871764995565e+09   2.7283097851142514e+08  -3.6453092111177169e+07   3.4572212828524923e+06  -2.2631755133272859e+05   9.8514716590611097e+03  -2.7147599558066327e+02   4.3983125795939140e+00  -7.1188595865718088e-02  -2.7675851763441305e-02  -2.3802563193967567e-02  -1.9767553236925185e-02  -1.5783067039631914e-02  -1.1903574931161856e-02  -8.2020860683349600e-03  -4.7856645675436460e-03  -1.8431957847206794e-03   1.9539008454110868e-03   5.2282456497979753e-03   9.1969994803398417e-03   1.3670095222211661e-02   1.8538833543567414e-02   2.3728135224825354e-02   2.9180755987122591e-02   3.4850380621530272e-02   4.0695784946210845e-02   4.6928176261373286e-02   3.9197598283471691e-02   5.1483190273489887e-01  -9.4918931214851607e+00   1.3151207982046523e+02  -1.2280247437922872e+03   7.9929602210394896e+03  -3.6832709994782912e+04   1.2116615064856788e+05  -2.8439914369823918e+05   4.7105797572003887e+05  -5.3637497401675850e+05   3.9866526447353017e+05  -1.7384836103942560e+05   3.3688929659547641e+04   1.5443907791175062e+07  -9.1363558165976897e+07   2.4206894345853415e+08  -3.7975207940994114e+08   3.9302996776922512e+08  -2.8312218376887363e+08   1.4601418999357414e+08  -5.4649152113316946e+07   1.4896911759596411e+07  -2.9448274423059877e+06   4.1736406592250132e+05  -4.1617572282995032e+04   2.8498544463189251e+03  -1.2267160375466152e+02   9.3780761345942860e+00   5.6677223339646021e+00   5.7289002901790429e+00   5.7278612358518970e+00   5.7274367143410077e+00   5.7270657525069790e+00   5.7267511696458229e+00   5.7264933051563984e+00   5.7262924439684033e+00   5.7261488100984943e+00   5.7260625648728025e+00   5.7260338056200695e+00   5.7260625648728025e+00   5.7261488100984943e+00   5.7262924439684033e+00   5.7264933051563984e+00   5.7267511696458229e+00   5.7270657525069790e+00   5.7274367143410077e+00   5.7278612358518970e+00   5.7289002901790429e+00   5.6677223339646021e+00   9.3780761345942860e+00  -1.2267160375466152e+02   2.8498544463189251e+03  -4.1617572282995032e+04   4.1736406592250132e+05  -2.9448274423059877e+06   1.4896911759596411e+07  -5.4649152113316946e+07   1.4601418999357414e+08  -2.8312218376887363e+08   3.9302996776922512e+08  -3.7975207940994114e+08   2.4206894345853415e+08  -9.1363558165976897e+07   1.5443907791175062e+07   3.3688929659547641e+04  -1.7384836103942560e+05   3.9866526447353017e+05  -5.3637497401675850e+05   4.7105797572003887e+05  -2.8439914369823918e+05   1.2116615064856788e+05  -3.6832709994782912e+04   7.9929602210394896e+03  -1.2280247437922872e+03   1.3151207982046523e+02  -9.4918931214851607e+00   5.1483190273489887e-01   3.9197598283471691e-02   4.6928176261373286e-02   4.0695784946210845e-02   3.4850380621530272e-02   2.9180755987122591e-02   2.3728135224825354e-02   1.8538833543567414e-02   1.3670095222211661e-02   9.1969994803398417e-03   5.2282456497979753e-03   1.9539008454110868e-03  -1.8431957847206794e-03  -4.7856645675436460e-03  -8.2020860683349600e-03  -1.1903574931161856e-02  -1.5783067039631914e-02  -1.9767553236925185e-02  -2.3802563193967567e-02  -2.7675851763441305e-02  -7.1188595865718088e-02   4.3983125795939140e+00  -2.7147599558066327e+02   9.8514716590611097e+03  -2.2631755133272859e+05   3.4572212828524923e+06  -3.6453092111177169e+07   2.7283097851142514e+08  -1.4792871764995565e+09   5.8910317827584114e+09  -1.7362362111916615e+10   3.7917954195490555e+10  -6.0990983168172455e+10   7.1136874393294739e+10  -5.8391770504774651e+10   3.1927545199773464e+10  -1.0424314315663574e+10   1.5356946465034721e+09
